# i = 0	j = 1
# T(K)   <E>   |<M>|   Szi   SziSzj  Corr(Szi,Szj)
# ---  ------  -----  -----  ------  -------------
 5.00  10  -0.430  0.002  -0.185  -0.037  -0.016  -5.284
 4.95  10  -0.434  0.004  -0.778  0.111  -0.033  -16.482
 4.90  10  -0.438  0.003  -0.333  -0.111  -0.247  -16.675
 4.85  10  -0.445  0.005  0.037  -0.111  -0.115  11.999
 4.80  10  -0.447  0.004  0.333  0.407  0.395  -5.122
 4.75  10  -0.455  0.007  0.111  -0.037  -0.082  0.760
 4.70  10  -0.457  0.002  0.037  0.037  0.027  12.308
 4.65  10  -0.467  0.002  0.259  0.111  0.121  12.310
 4.60  10  -0.470  0.000  -0.185  0.111  0.132  -10.815
 4.55  10  -0.478  0.004  -0.259  -0.259  -0.230  1.241
 4.50  10  -0.484  0.003  -0.037  -0.185  -0.181  -4.927
 4.45  10  -0.488  0.001  0.111  -0.185  -0.181  1.126
 4.40  10  -0.500  0.005  -0.481  0.037  0.055  -4.686
 4.35  10  -0.503  0.000  0.037  -0.037  -0.038  1.218
 4.30  10  -0.514  0.003  -0.259  0.111  0.159  -16.760
 4.25  10  -0.518  0.003  0.111  -0.185  -0.181  -16.446
 4.20  10  -0.523  0.001  0.333  -0.185  -0.049  1.323
 4.15  10  -0.531  0.001  -0.481  -0.037  0.159  -16.760
 4.10  10  -0.541  0.001  -0.556  -0.037  0.066  -4.623
 4.05  10  -0.550  0.003  0.333  -0.037  -0.049  1.862
 4.00  10  -0.558  0.005  -0.333  -0.111  -0.099  -10.564
 3.95  10  -0.562  0.006  -0.259  -0.259  -0.269  -22.706
 3.90  10  -0.575  0.006  -0.111  0.111  0.181  -4.337
 3.85  10  -0.583  0.001  0.556  -0.259  -0.198  -22.899
 3.80  10  -0.599  0.006  -0.333  0.111  0.099  -10.323
 3.75  10  -0.607  0.003  -0.037  -0.111  -0.115  2.190
 3.70  10  -0.615  0.001  -0.259  -0.481  -0.472  -3.894
 3.65  10  -0.626  0.001  -0.185  0.185  0.110  8.826
 3.60  10  -0.636  0.006  0.111  -0.111  -0.082  2.499
 3.55  10  -0.644  0.004  -0.111  -0.185  -0.198  -3.642
 3.50  10  -0.659  0.000  -0.481  0.037  0.126  -10.108
 3.45  10  -0.670  0.007  0.111  0.333  0.329  -3.604
 3.40  10  -0.682  0.006  -0.185  -0.037  -0.016  -16.494
 3.35  10  -0.699  0.017  0.259  0.259  0.269  -10.121
 3.30  10  -0.713  0.019  0.185  0.259  0.307  -9.821
 3.25  10  -0.728  0.006  -0.407  0.111  0.066  3.182
 3.20  10  -0.746  0.005  0.037  -0.111  -0.115  -2.933
 3.15  10  -0.757  0.000  -0.556  0.185  0.165  -23.558
 3.10  10  -0.783  0.021  0.037  0.111  0.110  -2.899
 3.05  10  -0.794  0.003  0.407  -0.185  -0.170  -16.524
 3.00  10  -0.816  0.002  -0.259  -0.111  -0.236  -9.910
 2.95  10  -0.840  0.019  0.185  -0.333  -0.313  -9.533
 2.90  10  -0.859  0.012  -0.111  0.037  -0.000  -23.760
 2.85  10  -0.881  0.017  0.407  0.111  0.126  -9.214
 2.80  10  -0.913  0.025  -0.185  0.037  0.099  -15.905
 2.75  10  -0.934  0.010  0.333  0.037  0.148  -9.080
 2.70  10  -0.957  0.002  -0.037  -0.037  -0.033  5.881
 2.65  10  -0.984  0.021  0.111  0.407  0.444  -8.452
 2.60  10  -1.039  0.041  -0.185  0.407  0.428  -7.992
 2.55  10  -1.074  0.046  0.037  -0.704  -0.697  -15.620
 2.50  10  -1.103  0.046  -0.111  -0.259  -0.198  -7.981
 2.45  10  -1.156  0.137  0.259  0.259  0.384  -23.720
 2.40  10  -1.227  0.222  0.185  0.111  -0.033  -15.284
 2.35  10  -1.288  0.129  0.407  0.111  0.126  -14.883
 2.30  10  -1.387  0.110  -0.111  -0.259  -0.296  -14.206
 2.25  10  -1.491  0.748  1.000  0.852  0.000  -38.560
 2.20  10  -1.540  0.780  0.926  0.852  -0.005  -30.023
 2.15  10  -1.598  0.825  0.926  0.852  -0.005  -30.334
 2.10  10  -1.667  0.876  0.852  0.556  0.082  -30.177
 2.05  10  -1.707  0.894  0.926  0.778  -0.011  -30.872
 2.00  10  -1.747  0.914  0.926  0.926  0.000  -32.011
 1.95  10  -1.781  0.926  1.000  1.000  0.000  -42.121
 1.90  10  -1.809  0.938  1.000  1.000  0.000  -43.401
 1.85  10  -1.838  0.949  1.000  1.000  0.000  -45.236
 1.80  10  -1.858  0.957  1.000  1.000  0.000  -47.108
 1.75  10  -1.884  0.966  0.926  0.926  0.000  -38.596
 1.70  10  -1.901  0.971  1.000  0.926  0.000  -51.836
 1.65  10  -1.914  0.975  1.000  1.000  0.000  -55.166
 1.60  10  -1.928  0.980  1.000  1.000  0.000  -58.653
 1.55  10  -1.941  0.983  1.000  0.926  0.000  -62.839
 1.50  10  -1.952  0.987  1.000  1.000  0.000  -68.010
 1.45  10  -1.960  0.989  1.000  1.000  0.000  -74.362
 1.40  10  -1.968  0.991  1.000  1.000  0.000  -82.277
 1.35  10  -1.974  0.993  1.000  1.000  0.000  -92.474
 1.30  10  -1.980  0.995  1.000  1.000  0.000  -105.928
 1.25  10  -1.985  0.996  1.000  1.000  0.000  -124.812
 1.20  10  -1.989  0.997  1.000  1.000  0.000  -152.956
 1.15  10  -1.992  0.998  1.000  1.000  0.000  -199.896
 1.10  10  -1.994  0.999  1.000  1.000  0.000  -293.473
 1.05  10  -1.996  0.999  1.000  1.000  0.000  -573.747
 1.00  10  -1.997  0.999  1.000  1.000  0.000  -2865927035599461.500
 0.95  10  -1.998  1.000  1.000  1.000  0.000  545.629
 0.90  10  -1.999  1.000  1.000  1.000  0.000  265.312
 0.85  10  -1.999  1.000  1.000  1.000  0.000  171.607
 0.80  10  -2.000  1.000  1.000  1.000  0.000  124.552
 0.75  10  -2.000  1.000  1.000  1.000  0.000  96.143
 0.70  10  -2.000  1.000  1.000  1.000  0.000  77.039
 0.65  10  -2.000  1.000  1.000  1.000  0.000  63.242
 0.60  10  -2.000  1.000  1.000  1.000  0.000  52.750
 0.55  10  -2.000  1.000  1.000  1.000  0.000  44.448
 0.50  10  -2.000  1.000  1.000  1.000  0.000  37.667
