# T(K)  <E>    <|M|>     Szi    C(Sz)    Sxi    C(Sx)   Z1X2    X1Z2    Bell
# ---  ------  -----    -----   -----   -----   -----   -----  ------   -----
 5.00  -0.262   0.002   0.007   0.011   0.215   0.001   0.042  -0.014  -0.014
 4.99  -0.271   0.001   0.002   0.004   0.211   0.001   0.014   0.084   0.026
 4.98  -0.216   0.003  -0.011   0.004   0.218   0.002  -0.073  -0.029   0.153
 4.97  -0.298   0.002   0.004   0.007   0.210   0.002   0.028   0.000   0.007
 4.96  -0.268   0.002   0.007   0.002   0.221   0.002   0.044  -0.074  -0.012
 4.95  -0.162   0.002  -0.013   0.002   0.209   0.001  -0.084   0.028   0.164
 4.94  -0.249   0.001   0.016  -0.002   0.213   0.001   0.101   0.043  -0.095
 4.93  -0.246   0.001   0.011   0.011   0.217   0.001   0.073   0.101  -0.054
 4.92  -0.212   0.001   0.009   0.000   0.218   0.003   0.059  -0.015  -0.032
 4.91  -0.228   0.000   0.000   0.002   0.222   0.001   0.000   0.059   0.049
 4.90  -0.203   0.000   0.011   0.013   0.214   0.002   0.073   0.029  -0.054
 4.89  -0.213   0.003  -0.004   0.009   0.216   0.001  -0.030   0.014   0.093
 4.88  -0.267   0.002   0.002   0.009   0.216   0.001   0.015   0.000   0.028
 4.87  -0.268   0.001   0.002   0.024   0.224   0.002   0.015   0.045   0.030
 4.86  -0.245   0.001   0.000   0.011   0.223   0.003   0.000   0.030   0.053
 4.85  -0.236   0.000   0.011   0.002   0.214   0.001   0.072  -0.071  -0.055
 4.84  -0.278   0.002   0.007   0.009   0.222   0.001   0.044   0.030  -0.012
 4.83  -0.206   0.002   0.013   0.004   0.223   0.002   0.091   0.045  -0.075
 4.82  -0.232   0.002  -0.007   0.011   0.224   0.001  -0.044   0.015   0.113
 4.81  -0.229   0.002   0.016   0.002   0.219   0.002   0.105   0.015  -0.097
 4.80  -0.236   0.000   0.009   0.013   0.229   0.002   0.060   0.015  -0.032
 4.79  -0.140   0.003   0.000   0.020   0.226   0.001   0.000   0.000   0.051
 4.78  -0.213   0.001  -0.009   0.009   0.224   0.002  -0.059   0.015   0.136
 4.77  -0.211   0.000   0.007   0.013   0.230   0.002   0.045  -0.031  -0.010
 4.76  -0.208   0.002   0.004   0.016   0.218   0.001   0.030   0.058   0.008
 4.75  -0.238   0.001  -0.004   0.013   0.221   0.001  -0.031  -0.074   0.097
 4.74  -0.287   0.001   0.000  -0.002   0.222   0.002   0.000  -0.030   0.052
 4.73  -0.162   0.001   0.009   0.013   0.227   0.000   0.058   0.045  -0.032
 4.72  -0.241   0.002   0.009   0.002   0.227   0.002   0.059  -0.091  -0.032
 4.71  -0.250   0.003   0.000   0.007   0.229   0.001   0.000   0.122   0.054
 4.70  -0.192   0.002   0.000   0.009   0.232   0.002   0.000  -0.046   0.057
 4.69  -0.160   0.004   0.002   0.009   0.229   0.001   0.015   0.061   0.032
 4.68  -0.263   0.000   0.004  -0.000   0.231   0.003   0.032   0.046   0.013
 4.67  -0.236   0.003  -0.007  -0.000   0.230   0.001  -0.046  -0.153   0.120
 4.66  -0.228   0.001   0.000   0.004   0.235   0.001   0.000   0.016   0.056
 4.65  -0.255   0.002  -0.011   0.009   0.230   0.002  -0.077   0.000   0.163
 4.64  -0.212   0.003   0.007  -0.007   0.231   0.002   0.048  -0.015  -0.011
 4.63  -0.237   0.001   0.000   0.009   0.237   0.000   0.000  -0.079   0.057
 4.62  -0.249   0.001   0.000   0.007   0.233   0.002   0.000   0.000   0.057
 4.61  -0.211   0.001  -0.002   0.013   0.231   0.002  -0.015  -0.031   0.077
 4.60  -0.255   0.001   0.009   0.013   0.236   0.001   0.066   0.047  -0.034
 4.59  -0.209   0.000  -0.007   0.002   0.239   0.001  -0.048  -0.080   0.126
 4.58  -0.182   0.000   0.000   0.011   0.237   0.001   0.000  -0.063   0.058
 4.57  -0.251   0.004  -0.002   0.007   0.240   0.001  -0.015  -0.016   0.077
 4.56  -0.213   0.004   0.000   0.011   0.231   0.002   0.000   0.062   0.056
 4.55  -0.216   0.003   0.007  -0.002   0.241   0.001   0.048  -0.016  -0.009
 4.54  -0.292   0.001   0.004   0.018   0.249   0.002   0.033   0.017   0.017
 4.53  -0.200   0.001   0.007   0.009   0.239   0.002   0.048  -0.032  -0.009
 4.52  -0.246   0.001   0.009   0.013   0.250   0.001   0.065  -0.017  -0.030
 4.51  -0.248   0.000   0.009  -0.002   0.233   0.002   0.065   0.031  -0.033
 4.50  -0.249   0.000   0.007   0.002   0.241   0.003   0.049   0.145  -0.007
 4.49  -0.279   0.005  -0.009   0.009   0.248   0.002  -0.067  -0.116   0.158
 4.48  -0.317   0.004  -0.007   0.013   0.238   0.002  -0.048   0.063   0.127
 4.47  -0.286   0.008  -0.009   0.007   0.239   0.002  -0.065   0.032   0.153
 4.46  -0.241   0.005   0.000   0.004   0.242   0.001   0.000  -0.048   0.058
 4.45  -0.254   0.001   0.004   0.018   0.245   0.002   0.032   0.049   0.015
 4.44  -0.227   0.001   0.009   0.022   0.247   0.002   0.066   0.016  -0.030
 4.43  -0.235   0.006  -0.009   0.018   0.245   0.003  -0.066  -0.082   0.157
 4.42  -0.274   0.001  -0.011   0.007   0.248   0.000  -0.082   0.050   0.177
 4.41  -0.265   0.008   0.002   0.016   0.253   0.002   0.017   0.051   0.041
 4.40  -0.189   0.007  -0.004   0.011   0.255   0.001  -0.034   0.068   0.114
 4.39  -0.298   0.003  -0.004   0.007   0.249   0.002  -0.034  -0.066   0.113
 4.38  -0.232   0.002  -0.009   0.009   0.248   0.002  -0.068  -0.083   0.161
 4.37  -0.280   0.004   0.022   0.000   0.248   0.002   0.167  -0.050  -0.172
 4.36  -0.200   0.002  -0.009   0.022   0.247   0.000  -0.066  -0.082   0.154
 4.35  -0.234   0.003   0.011   0.013   0.253   0.002   0.085   0.034  -0.053
 4.34  -0.251   0.001   0.004   0.013   0.244   0.001   0.033  -0.016   0.014
 4.33  -0.322   0.003  -0.007   0.004   0.256   0.002  -0.051   0.000   0.139
 4.32  -0.291   0.004  -0.009  -0.004   0.256   0.003  -0.069   0.017   0.165
 4.31  -0.266   0.001  -0.002   0.011   0.264   0.002  -0.017   0.088   0.091
 4.30  -0.263   0.003  -0.002   0.004   0.253   0.002  -0.017   0.034   0.093
 4.29  -0.295   0.003   0.002  -0.000   0.253   0.001   0.017   0.034   0.041
 4.28  -0.348   0.003   0.000  -0.004   0.254   0.003   0.000  -0.119   0.068
 4.27  -0.255   0.002  -0.004   0.011   0.256   0.002  -0.034   0.068   0.115
 4.26  -0.283   0.003   0.004   0.004   0.256   0.002   0.034  -0.085   0.019
 4.25  -0.267   0.006  -0.007   0.013   0.253   0.002  -0.050   0.000   0.137
 4.24  -0.253   0.002  -0.004   0.009   0.259   0.002  -0.034   0.017   0.116
 4.23  -0.260   0.002   0.018   0.009   0.259   0.003   0.138   0.052  -0.125
 4.22  -0.243   0.003   0.002   0.004   0.259   0.003   0.017  -0.035   0.045
 4.21  -0.285   0.002   0.013   0.011   0.271   0.002   0.107   0.036  -0.076
 4.20  -0.242   0.000   0.009   0.011   0.259   0.002   0.071  -0.035  -0.030
 4.19  -0.243   0.003  -0.011   0.020   0.263   0.003  -0.088   0.018   0.197
 4.18  -0.260   0.003   0.007   0.016   0.267   0.002   0.052  -0.018  -0.002
 4.17  -0.290   0.008   0.018   0.011   0.261   0.002   0.137   0.070  -0.124
 4.16  -0.310   0.003   0.000   0.004   0.265   0.002   0.000   0.053   0.071
 4.15  -0.209   0.001  -0.009  -0.004   0.267   0.002  -0.072   0.018   0.176
 4.14  -0.229   0.005   0.000   0.007   0.268   0.001   0.000  -0.107   0.074
 4.13  -0.280   0.001  -0.004  -0.004   0.259   0.002  -0.035  -0.017   0.120
 4.12  -0.297   0.004   0.004   0.009   0.267   0.002   0.036   0.160   0.024
 4.11  -0.275   0.002   0.004   0.022   0.268   0.003   0.036   0.054   0.024
 4.10  -0.284   0.005   0.007   0.018   0.267   0.002   0.053   0.036  -0.002
 4.09  -0.279   0.003  -0.002   0.013   0.275   0.001  -0.018   0.110   0.103
 4.08  -0.363   0.007  -0.011   0.000   0.273   0.003  -0.090   0.073   0.204
 4.07  -0.253   0.001   0.004   0.013   0.273   0.002   0.038   0.127   0.026
 4.06  -0.235   0.003  -0.016   0.009   0.277   0.002  -0.130  -0.074   0.263
 4.05  -0.256   0.009   0.002   0.016   0.273   0.001   0.019  -0.055   0.051
 4.04  -0.269   0.002   0.007   0.013   0.275   0.001   0.055   0.073  -0.001
 4.03  -0.272   0.004  -0.013   0.009   0.268   0.002  -0.112  -0.018   0.234
 4.02  -0.252   0.003   0.002   0.013   0.278   0.001   0.019  -0.074   0.052
 4.01  -0.318   0.005   0.004   0.016   0.282   0.002   0.038   0.038   0.029
 4.00  -0.247   0.005  -0.004   0.004   0.272   0.002  -0.037  -0.091   0.132
 3.99  -0.292   0.003  -0.004   0.013   0.285   0.002  -0.037  -0.133   0.133
 3.98  -0.322   0.001  -0.007  -0.000   0.284   0.002  -0.056  -0.076   0.162
 3.97  -0.261   0.000   0.007   0.005   0.283   0.002   0.056  -0.075   0.002
 3.96  -0.346   0.004   0.004   0.013   0.284   0.003   0.039  -0.133   0.030
 3.95  -0.294   0.005   0.007   0.011   0.282   0.002   0.057   0.094   0.002
 3.94  -0.285   0.004   0.009   0.011   0.287   0.002   0.075   0.038  -0.023
 3.93  -0.252   0.004  -0.004   0.002   0.276   0.002  -0.039   0.000   0.137
 3.92  -0.295   0.008   0.011   0.011   0.289   0.002   0.095   0.096  -0.050
 3.91  -0.220   0.003  -0.002   0.013   0.290   0.002  -0.019   0.039   0.113
 3.90  -0.275   0.006   0.009   0.011   0.286   0.003   0.078   0.000  -0.024
 3.89  -0.243   0.000  -0.002   0.002   0.287   0.002  -0.019  -0.019   0.113
 3.88  -0.300   0.004   0.000   0.009   0.297   0.003   0.000   0.020   0.089
 3.87  -0.337   0.002  -0.004   0.011   0.288   0.004  -0.039  -0.077   0.141
 3.86  -0.297   0.002  -0.002   0.009   0.295   0.004  -0.020  -0.079   0.118
 3.85  -0.321   0.004  -0.009   0.004   0.294   0.002  -0.077  -0.020   0.196
 3.84  -0.302   0.003   0.009   0.007   0.292   0.002   0.077   0.039  -0.022
 3.83  -0.329   0.006   0.007   0.009   0.289   0.002   0.059   0.000   0.004
 3.82  -0.327   0.006   0.002   0.007   0.291   0.002   0.020  -0.058   0.059
 3.81  -0.359   0.004   0.007   0.007   0.297   0.002   0.058   0.020   0.006
 3.80  -0.328   0.001  -0.009   0.013   0.294   0.002  -0.079  -0.098   0.201
 3.79  -0.300   0.004   0.002   0.013   0.302   0.002   0.020  -0.040   0.065
 3.78  -0.313   0.006   0.007   0.020   0.299   0.002   0.060   0.060   0.007
 3.77  -0.296   0.009  -0.013   0.002   0.302   0.002  -0.119   0.000   0.260
 3.76  -0.277   0.007   0.009   0.009   0.302   0.003   0.081   0.020  -0.020
 3.75  -0.337   0.005  -0.009   0.009   0.302   0.003  -0.082   0.020   0.211
 3.74  -0.259   0.003  -0.002   0.018   0.307   0.003  -0.020   0.000   0.124
 3.73  -0.319   0.001  -0.004   0.013   0.300   0.003  -0.041  -0.100   0.152
 3.72  -0.271   0.002   0.007   0.016   0.300   0.002   0.061   0.020   0.007
 3.71  -0.335   0.001  -0.011   0.002   0.311   0.003  -0.102   0.104   0.243
 3.70  -0.273   0.001  -0.007   0.016   0.301   0.003  -0.062   0.020   0.184
 3.69  -0.305   0.005  -0.007   0.002   0.312   0.003  -0.064   0.104   0.192
 3.68  -0.298   0.003   0.007   0.009   0.316   0.003   0.062   0.127   0.014
 3.67  -0.320   0.000   0.004   0.013   0.309   0.002   0.041   0.062   0.039
 3.66  -0.248   0.001   0.004   0.004   0.314   0.003   0.041   0.021   0.042
 3.65  -0.272   0.005  -0.004   0.004   0.309   0.003  -0.041  -0.021   0.156
 3.64  -0.270   0.003  -0.013   0.011   0.313   0.003  -0.126  -0.125   0.280
 3.63  -0.334   0.008  -0.002   0.009   0.314   0.002  -0.021  -0.042   0.132
 3.62  -0.326   0.003  -0.007   0.009   0.314   0.003  -0.064   0.042   0.195
 3.61  -0.278   0.002  -0.004   0.011   0.324   0.003  -0.042  -0.086   0.163
 3.60  -0.319   0.000  -0.011   0.018   0.313   0.003  -0.106  -0.167   0.252
 3.59  -0.311   0.001  -0.011   0.018   0.320   0.004  -0.106   0.043   0.255
 3.58  -0.267   0.002   0.000   0.007   0.321   0.003   0.000   0.043   0.105
 3.57  -0.328   0.001  -0.007   0.013   0.326   0.002  -0.065   0.000   0.200
 3.56  -0.325   0.004   0.002   0.007   0.322   0.003   0.022   0.021   0.076
 3.55  -0.288   0.011   0.007   0.009   0.322   0.003   0.064   0.129   0.015
 3.54  -0.347   0.002   0.016   0.013   0.336   0.003   0.154   0.224  -0.104
 3.53  -0.308   0.004  -0.024   0.011   0.325   0.003  -0.242  -0.065   0.452
 3.52  -0.321   0.001   0.000   0.009   0.336   0.003   0.000   0.067   0.112
 3.51  -0.314   0.006   0.000   0.013   0.331   0.003   0.000   0.022   0.112
 3.50  -0.314   0.003   0.004   0.018   0.332   0.003   0.044   0.022   0.051
 3.49  -0.364   0.002  -0.013   0.011   0.331   0.004  -0.136  -0.132   0.308
 3.48  -0.367   0.002   0.000   0.004   0.337   0.003   0.000   0.022   0.114
 3.47  -0.271   0.007  -0.004   0.015   0.334   0.002  -0.044  -0.134   0.176
 3.46  -0.312   0.006  -0.004  -0.002   0.338   0.003  -0.044  -0.045   0.177
 3.45  -0.327   0.004   0.002   0.004   0.337   0.003   0.022   0.045   0.084
 3.44  -0.395   0.012   0.007   0.011   0.338   0.003   0.067   0.248   0.022
 3.43  -0.351   0.001  -0.004   0.011   0.345   0.004  -0.046   0.046   0.188
 3.42  -0.320   0.003   0.002   0.018   0.339   0.004   0.023  -0.045   0.087
 3.41  -0.365   0.013   0.007  -0.002   0.333   0.004   0.067   0.067   0.021
 3.40  -0.387   0.001   0.011   0.013   0.344   0.004   0.115   0.092  -0.040
 3.39  -0.408   0.009  -0.013   0.011   0.343   0.003  -0.138  -0.183   0.316
 3.38  -0.373   0.008  -0.011   0.018   0.346   0.004  -0.118  -0.046   0.293
 3.37  -0.313   0.007   0.011   0.007   0.349   0.003   0.117   0.023  -0.040
 3.36  -0.360   0.002   0.000   0.018   0.354   0.003   0.000   0.024   0.125
 3.35  -0.331   0.002   0.011   0.011   0.355   0.003   0.121  -0.024  -0.039
 3.34  -0.337   0.003  -0.002   0.004   0.354   0.003  -0.024  -0.094   0.162
 3.33  -0.332   0.004  -0.002   0.009   0.352   0.004  -0.023   0.047   0.158
 3.32  -0.404   0.011   0.013   0.015   0.362   0.004   0.142   0.193  -0.068
 3.31  -0.403   0.008   0.002   0.009   0.349   0.004   0.024   0.093   0.095
 3.30  -0.411   0.002   0.009   0.015   0.358   0.003   0.095   0.143  -0.004
 3.29  -0.353   0.008   0.009   0.004   0.354   0.003   0.096   0.024  -0.005
 3.28  -0.324   0.000  -0.013   0.013   0.357   0.004  -0.143   0.071   0.333
 3.27  -0.387   0.001  -0.013   0.011   0.368   0.003  -0.146   0.000   0.343
 3.26  -0.351   0.006  -0.002   0.013   0.361   0.005  -0.024  -0.048   0.169
 3.25  -0.377   0.005   0.020   0.020   0.363   0.003   0.217   0.169  -0.172
 3.24  -0.362   0.003  -0.002   0.011   0.361   0.005  -0.024  -0.024   0.171
 3.23  -0.332   0.007   0.009   0.013   0.366   0.004   0.099  -0.122  -0.001
 3.22  -0.420   0.014   0.020   0.013   0.363   0.004   0.220   0.145  -0.175
 3.21  -0.398   0.016   0.009   0.007   0.378   0.004   0.099   0.151   0.005
 3.20  -0.420   0.001  -0.004   0.000   0.372   0.004  -0.050   0.223   0.216
 3.19  -0.426   0.001   0.018   0.018   0.372   0.004   0.196   0.074  -0.137
 3.18  -0.335   0.014   0.020   0.005   0.377   0.004   0.228  -0.050  -0.175
 3.17  -0.422   0.002  -0.004   0.011   0.378   0.004  -0.051   0.050   0.220
 3.16  -0.399   0.004  -0.016   0.020   0.378   0.003  -0.178  -0.126   0.400
 3.15  -0.326   0.010  -0.016   0.018   0.384   0.004  -0.176  -0.205   0.397
 3.14  -0.343   0.003   0.009   0.020   0.386   0.003   0.103   0.154   0.006
 3.13  -0.355   0.018   0.018   0.018   0.379   0.004   0.204   0.126  -0.139
 3.12  -0.358   0.001  -0.020   0.002   0.385   0.006  -0.232   0.026   0.483
 3.11  -0.419   0.004   0.016   0.007   0.395   0.004   0.182   0.026  -0.099
 3.10  -0.383   0.009   0.000   0.009   0.390   0.004   0.000   0.182   0.153
 3.09  -0.340   0.004   0.024   0.017   0.387   0.004   0.287   0.258  -0.250
 3.08  -0.432   0.006   0.007   0.020   0.393   0.004   0.080   0.131   0.048
 3.07  -0.410   0.001   0.016   0.009   0.397   0.005   0.187  -0.053  -0.101
 3.06  -0.472   0.000   0.002   0.011   0.404   0.005   0.026   0.027   0.127
 3.05  -0.465   0.011   0.004  -0.000   0.407   0.004   0.054   0.027   0.092
 3.04  -0.442   0.008   0.002   0.011   0.406   0.003   0.027  -0.027   0.130
 3.03  -0.445   0.002  -0.002   0.016   0.405   0.003  -0.027  -0.081   0.203
 3.02  -0.370   0.006  -0.013   0.013   0.394   0.005  -0.160  -0.184   0.390
 3.01  -0.383   0.017   0.011   0.022   0.403   0.004   0.138   0.108  -0.024
 3.00  -0.402   0.000   0.002   0.004   0.400   0.003   0.027   0.107   0.127
 2.99  -0.403   0.007   0.020   0.020   0.409   0.005   0.248   0.191  -0.177
 2.98  -0.436   0.012  -0.013   0.011   0.411   0.005  -0.166  -0.165   0.412
 2.97  -0.387   0.012  -0.013   0.029   0.417   0.004  -0.167  -0.167   0.414
 2.96  -0.408   0.011  -0.009   0.016   0.416   0.004  -0.112  -0.055   0.338
 2.95  -0.430   0.014  -0.013   0.020   0.419   0.005  -0.166  -0.112   0.414
 2.94  -0.421   0.011  -0.013   0.011   0.418   0.006  -0.169  -0.056   0.421
 2.93  -0.385   0.021   0.018  -0.002   0.423   0.005   0.224  -0.113  -0.134
 2.92  -0.458   0.023   0.009   0.004   0.432   0.005   0.116   0.201   0.028
 2.91  -0.385   0.000   0.004   0.007   0.421   0.005   0.057   0.056   0.104
 2.90  -0.466   0.017   0.011   0.022   0.426   0.004   0.143   0.057  -0.016
 2.89  -0.395   0.019  -0.002   0.013   0.429   0.004  -0.028   0.000   0.228
 2.88  -0.406   0.039  -0.013   0.015   0.436   0.004  -0.175  -0.174   0.442
 2.87  -0.407   0.014   0.016   0.015   0.437   0.006   0.199   0.379  -0.089
 2.86  -0.373   0.004   0.004   0.016   0.434   0.005   0.059  -0.058   0.114
 2.85  -0.393   0.011  -0.011   0.011   0.438   0.004  -0.148   0.029   0.408
 2.84  -0.449   0.009   0.009   0.007   0.445   0.005   0.119  -0.059   0.035
 2.83  -0.393   0.014  -0.004   0.016   0.449   0.005  -0.059  -0.060   0.285
 2.82  -0.418   0.009  -0.002   0.024   0.452   0.003  -0.030  -0.030   0.250
 2.81  -0.444   0.029  -0.004  -0.000   0.455   0.006  -0.059  -0.030   0.291
 2.80  -0.453   0.004   0.007   0.018   0.456   0.005   0.092   0.304   0.085
 2.79  -0.502   0.011  -0.020   0.017   0.459   0.006  -0.277  -0.245   0.608
 2.78  -0.512   0.002  -0.009   0.013   0.455   0.005  -0.122  -0.152   0.387
 2.77  -0.482   0.016  -0.013   0.020   0.455   0.004  -0.187  -0.061   0.481
 2.76  -0.464   0.002   0.000   0.016   0.467   0.005   0.000   0.000   0.227
 2.75  -0.430   0.003   0.027   0.015   0.460   0.005   0.373   0.307  -0.308
 2.74  -0.442   0.029  -0.013   0.015   0.464   0.006  -0.185  -0.186   0.483
 2.73  -0.398   0.010   0.009   0.022   0.469   0.005   0.125   0.156   0.049
 2.72  -0.481   0.025   0.020   0.013   0.471   0.004   0.289   0.126  -0.177
 2.71  -0.435   0.012  -0.020   0.011   0.479   0.006  -0.288  -0.096   0.644
 2.70  -0.437   0.025  -0.007   0.016   0.473   0.005  -0.095  -0.095   0.364
 2.69  -0.506   0.004   0.009   0.015   0.482   0.005   0.126   0.128   0.054
 2.68  -0.532   0.066  -0.016   0.022   0.482   0.004  -0.225  -0.129   0.554
 2.67  -0.507   0.036  -0.024   0.022   0.499   0.007  -0.367  -0.199   0.775
 2.66  -0.457   0.034  -0.004   0.020   0.492   0.005  -0.066  -0.131   0.341
 2.65  -0.491   0.001   0.000   0.011   0.487   0.006   0.000   0.000   0.242
 2.64  -0.437   0.031  -0.009   0.018   0.507   0.007  -0.134  -0.304   0.451
 2.63  -0.370   0.037  -0.027   0.024   0.522   0.005  -0.411  -0.348   0.856
 2.62  -0.514   0.036  -0.007   0.018   0.505   0.007  -0.101  -0.135   0.405
 2.61  -0.577   0.000  -0.002   0.016   0.520   0.007  -0.035   0.035   0.328
 2.60  -0.534   0.025   0.024   0.026   0.512   0.007   0.374   0.478  -0.261
 2.59  -0.531   0.059   0.007   0.027   0.512   0.007   0.105   0.000   0.128
 2.58  -0.503   0.051   0.000   0.016   0.525   0.007   0.000   0.210   0.280
 2.57  -0.482   0.021  -0.002   0.022   0.538   0.009  -0.036   0.072   0.347
 2.56  -0.588   0.037  -0.004   0.009   0.538   0.005  -0.070   0.108   0.390
 2.55  -0.555   0.052  -0.011   0.013   0.528   0.007  -0.180  -0.141   0.546
 2.54  -0.522   0.009   0.000   0.009   0.537   0.006   0.000  -0.107   0.299
 2.53  -0.496   0.015   0.020   0.015   0.548   0.009   0.328   0.329  -0.156
 2.52  -0.562   0.121   0.013   0.020   0.545   0.007   0.223   0.291  -0.004
 2.51  -0.559   0.032   0.020   0.011   0.554   0.007   0.330   0.259  -0.155
 2.50  -0.672   0.028  -0.007   0.022   0.551   0.007  -0.110  -0.073   0.466
 2.49  -0.558   0.102  -0.018   0.011   0.567   0.007  -0.300  -0.151   0.750
 2.48  -0.614   0.042   0.002   0.020   0.568   0.007   0.037   0.114   0.271
 2.47  -0.568   0.103  -0.004   0.022   0.571   0.007  -0.077  -0.038   0.447
 2.46  -0.493   0.015   0.011   0.015   0.560   0.007   0.187   0.112   0.056
 2.45  -0.537   0.023  -0.016   0.026   0.575   0.007  -0.271  -0.230   0.724
 2.44  -0.587   0.021  -0.027   0.013   0.584   0.010  -0.466  -0.195   1.008
 2.43  -0.527   0.073   0.016   0.022   0.591   0.009   0.283   0.394  -0.033
 2.42  -0.525   0.038   0.011   0.029   0.603   0.009   0.199   0.121   0.088
 2.41  -0.559   0.032  -0.033   0.028   0.622   0.008  -0.619  -0.539   1.267
 2.40  -0.666   0.045   0.000   0.016   0.607   0.008   0.000   0.000   0.375
 2.39  -0.681   0.083  -0.013   0.011   0.626   0.008  -0.250   0.167   0.754
 2.38  -0.662   0.145   0.031   0.021   0.635   0.009   0.587   0.465  -0.422
 2.37  -0.596   0.154   0.007   0.018   0.642   0.009   0.128   0.171   0.240
 2.36  -0.604   0.001  -0.002   0.020   0.597   0.007  -0.040  -0.119   0.424
 2.35  -0.591   0.233  -0.033   0.024   0.636   0.009  -0.632  -0.467   1.304
 2.34  -0.569   0.091  -0.029   0.026   0.646   0.008  -0.557  -0.431   1.210
 2.33  -0.610   0.153   0.031   0.028   0.655   0.007   0.614   0.611  -0.430
 2.32  -0.764   0.542   0.004   0.020   0.666   0.010   0.089   0.178   0.329
 2.31  -0.687   0.592   0.029   0.028   0.676   0.010   0.587   0.676  -0.363
 2.30  -0.742   0.600   0.027   0.019   0.703   0.009   0.557   0.469  -0.289
 2.29  -0.718   0.695   0.031   0.030   0.713   0.008   0.672   0.713  -0.428
 2.28  -0.641   0.581   0.022   0.020   0.724   0.009   0.478   0.386  -0.148
 2.27  -0.724   0.704   0.022   0.024   0.725   0.009   0.476   0.677  -0.146
 2.26  -0.712   0.738   0.027   0.017   0.733   0.008   0.582   0.440  -0.282
 2.25  -0.846   0.685   0.022   0.017   0.729   0.009   0.479   0.632  -0.145
 2.24  -0.719   0.659   0.029   0.026   0.732   0.010   0.634   0.683  -0.351
 2.23  -0.787   0.716  -0.029   0.028   0.731   0.009  -0.632  -0.731   1.436
 2.22  -0.922   0.746  -0.011   0.024   0.757   0.009  -0.252  -0.252   0.937
 2.21  -0.753   0.789  -0.031   0.030   0.768   0.008  -0.723  -0.768   1.625
 2.20  -0.755   0.715  -0.033   0.030   0.765   0.007  -0.758  -0.714   1.658
 2.19  -0.702   0.801  -0.031   0.030   0.782   0.006  -0.725  -0.782   1.639
 2.18  -0.806   0.804  -0.029   0.022   0.785   0.006  -0.683  -0.523   1.590
 2.17  -0.737   0.822  -0.031   0.028   0.795   0.005  -0.744  -0.742   1.691
 2.16  -0.726   0.829  -0.029   0.024   0.804   0.005  -0.703  -0.697   1.653
 2.15  -0.832   0.852  -0.018   0.022   0.815   0.007  -0.433  -0.597   1.280
 2.14  -0.789   0.830  -0.029   0.028   0.809   0.006  -0.689  -0.809   1.625
 2.13  -0.819   0.847  -0.027   0.030   0.795   0.007  -0.641  -0.689   1.551
 2.12  -0.776   0.868  -0.031   0.028   0.832   0.005  -0.777  -0.776   1.796
 2.11  -0.846   0.869  -0.022   0.026   0.824   0.005  -0.549  -0.494   1.460
 2.10  -0.806   0.865  -0.031   0.024   0.831   0.005  -0.778  -0.665   1.799
 2.09  -0.807   0.883  -0.029   0.028   0.840   0.004  -0.727  -0.840   1.736
 2.08  -0.881   0.882  -0.029   0.026   0.839   0.004  -0.725  -0.783   1.732
 2.07  -0.878   0.886  -0.022   0.026   0.837   0.004  -0.561  -0.502   1.501
 2.06  -0.862   0.892  -0.022   0.015   0.852   0.004  -0.569  -0.682   1.537
 2.05  -0.915   0.895  -0.024   0.022   0.859   0.003  -0.625  -0.458   1.620
 2.04  -0.868   0.900  -0.033   0.032   0.857   0.004  -0.860  -0.857   1.958
 2.03  -0.923   0.902  -0.029   0.022   0.852   0.004  -0.748  -0.568   1.796
 2.02  -0.859   0.904  -0.029   0.024   0.867   0.003  -0.755  -0.751   1.826
 2.01  -0.865   0.910  -0.033   0.030   0.869   0.004  -0.871  -0.811   1.991
 2.00  -0.859   0.910  -0.033   0.028   0.874   0.004  -0.884  -0.758   2.027
 1.99  -0.938   0.917  -0.029   0.028   0.870   0.004  -0.764  -0.870   1.851
 1.98  -0.892   0.917  -0.031   0.030   0.870   0.003  -0.814  -0.870   1.914
 1.97  -0.875   0.920  -0.029   0.028   0.876   0.004  -0.766  -0.759   1.862
 1.96  -0.949   0.923  -0.033   0.032   0.889   0.003  -0.881  -0.889   2.032
 1.95  -0.907   0.926  -0.031   0.030   0.889   0.002  -0.829  -0.771   1.965
 1.94  -0.856   0.931  -0.024   0.024   0.894   0.002  -0.652  -0.775   1.720
 1.93  -0.861   0.930  -0.033   0.030   0.897   0.003  -0.902  -0.838   2.088
 1.92  -0.914   0.933  -0.029   0.028   0.899   0.003  -0.776  -0.779   1.905
 1.91  -0.842   0.935  -0.033   0.032   0.903   0.002  -0.901  -0.903   2.090
 1.90  -0.945   0.938  -0.027   0.019   0.903   0.002  -0.720  -0.722   1.832
 1.89  -0.916   0.941  -0.033   0.030   0.905   0.003  -0.911  -0.845   2.116
 1.88  -0.923   0.945  -0.031   0.030   0.914   0.002  -0.853  -0.914   2.042
 1.87  -0.900   0.944  -0.029   0.026   0.918   0.002  -0.791  -0.857   1.960
 1.86  -0.967   0.947  -0.022   0.013   0.911   0.002  -0.610  -0.668   1.699
 1.85  -0.925   0.948  -0.031   0.026   0.917   0.002  -0.857  -0.795   2.057
 1.84  -0.931   0.951  -0.033   0.032   0.926   0.001  -0.924  -0.926   2.164
 1.83  -0.900   0.951  -0.031   0.030   0.919   0.002  -0.860  -0.919   2.065
 1.82  -0.946   0.955  -0.027   0.024   0.922   0.002  -0.741  -0.860   1.903
 1.81  -0.945   0.956  -0.031   0.024   0.926   0.001  -0.868  -0.617   2.089
 1.80  -0.935   0.957  -0.031   0.030   0.924   0.001  -0.866  -0.924   2.085
 1.79  -0.935   0.959  -0.033   0.030   0.932   0.001  -0.929  -0.870   2.182
 1.78  -0.933   0.959  -0.033   0.032   0.932   0.001  -0.932  -0.932   2.188
 1.77  -0.921   0.961  -0.031   0.030   0.938   0.001  -0.876  -0.938   2.121
 1.76  -0.937   0.962  -0.033   0.030   0.936   0.002  -0.936  -0.873   2.202
 1.75  -0.931   0.965  -0.033   0.032   0.945   0.001  -0.942  -0.945   2.223
 1.74  -0.961   0.965  -0.031   0.030   0.941   0.001  -0.877  -0.941   2.126
 1.73  -0.927   0.966  -0.031   0.030   0.948   0.001  -0.886  -0.948   2.152
 1.72  -0.945   0.968  -0.033   0.032   0.946   0.001  -0.948  -0.946   2.238
 1.71  -0.978   0.969  -0.031   0.032   0.948   0.001  -0.882  -0.885   2.145
 1.70  -0.918   0.971  -0.033   0.032   0.954   0.001  -0.950  -0.954   2.251
 1.69  -0.952   0.972  -0.033   0.028   0.950   0.001  -0.953  -0.823   2.254
 1.68  -0.942   0.973  -0.033   0.032   0.953   0.001  -0.952  -0.953   2.254
 1.67  -0.966   0.973  -0.033   0.030   0.951   0.001  -0.955  -0.887   2.260
 1.66  -0.957   0.974  -0.033   0.032   0.956   0.001  -0.957  -0.956   2.269
 1.65  -0.974   0.975  -0.033   0.032   0.959   0.001  -0.957  -0.959   2.272
 1.64  -0.982   0.976  -0.033   0.032   0.960   0.001  -0.958  -0.960   2.274
 1.63  -0.966   0.978  -0.031   0.030   0.966   0.000  -0.898  -0.966   2.199
 1.62  -0.958   0.978  -0.033   0.032   0.958   0.001  -0.960  -0.958   2.279
 1.61  -0.984   0.979  -0.033   0.032   0.964   0.001  -0.960  -0.964   2.285
 1.60  -0.959   0.979  -0.033   0.030   0.962   0.000  -0.968  -0.898   2.301
 1.59  -0.953   0.980  -0.031   0.030   0.967   0.000  -0.901  -0.967   2.209
 1.58  -0.960   0.981  -0.033   0.032   0.964   0.000  -0.966  -0.964   2.297
 1.57  -0.985   0.982  -0.031   0.030   0.967   0.000  -0.903  -0.838   2.214
 1.56  -0.970   0.983  -0.031   0.028   0.971   0.000  -0.902  -0.906   2.213
 1.55  -0.960   0.984  -0.033   0.032   0.973   0.000  -0.973  -0.973   2.324
 1.54  -0.968   0.984  -0.033   0.032   0.966   0.000  -0.971  -0.966   2.312
 1.53  -0.980   0.985  -0.033   0.032   0.973   0.001  -0.973  -0.973   2.324
 1.52  -0.982   0.985  -0.033   0.030   0.977   0.000  -0.973  -0.912   2.328
 1.51  -0.957   0.986  -0.033   0.032   0.973   0.000  -0.973  -0.973   2.322
 1.50  -0.991   0.986  -0.031   0.028   0.978   0.000  -0.909  -0.912   2.237
 1.49  -0.965   0.987  -0.033   0.032   0.978   0.000  -0.980  -0.978   2.344
 1.48  -0.978   0.988  -0.033   0.032   0.978   0.000  -0.978  -0.978   2.339
 1.47  -0.965   0.988  -0.033   0.032   0.976   0.000  -0.979  -0.976   2.341
 1.46  -0.968   0.989  -0.033   0.032   0.980   0.000  -0.982  -0.980   2.351
 1.45  -0.968   0.989  -0.033   0.032   0.980   0.000  -0.983  -0.980   2.353
 1.44  -0.975   0.989  -0.033   0.032   0.981   0.000  -0.980  -0.981   2.346
 1.43  -0.977   0.990  -0.033   0.032   0.982   0.000  -0.982  -0.982   2.352
 1.42  -0.974   0.991  -0.033   0.032   0.983   0.000  -0.982  -0.983   2.354
 1.41  -0.994   0.991  -0.033   0.032   0.984   0.000  -0.985  -0.984   2.364
 1.40  -0.990   0.991  -0.033   0.032   0.983   0.000  -0.984  -0.983   2.359
 1.39  -0.992   0.992  -0.033   0.032   0.984   0.000  -0.984  -0.984   2.360
 1.38  -0.997   0.992  -0.033   0.032   0.986   0.000  -0.987  -0.986   2.368
 1.37  -0.986   0.993  -0.033   0.032   0.986   0.000  -0.986  -0.986   2.367
 1.36  -0.979   0.993  -0.033   0.032   0.988   0.000  -0.986  -0.988   2.369
 1.35  -0.992   0.993  -0.033   0.032   0.989   0.000  -0.989  -0.989   2.376
 1.34  -0.984   0.993  -0.033   0.032   0.987   0.000  -0.988  -0.987   2.373
 1.33  -0.990   0.994  -0.033   0.032   0.989   0.000  -0.987  -0.989   2.372
 1.32  -0.987   0.994  -0.033   0.032   0.989   0.000  -0.990  -0.989   2.379
 1.31  -0.993   0.994  -0.033   0.032   0.989   0.000  -0.989  -0.989   2.376
 1.30  -0.985   0.995  -0.033   0.032   0.989   0.000  -0.991  -0.989   2.382
 1.29  -0.994   0.995  -0.033   0.032   0.991   0.000  -0.992  -0.991   2.387
 1.28  -0.992   0.996  -0.033   0.032   0.993   0.000  -0.991  -0.993   2.386
 1.27  -0.991   0.995  -0.033   0.032   0.990   0.000  -0.991  -0.990   2.382
 1.26  -0.989   0.996  -0.033   0.032   0.992   0.000  -0.991  -0.992   2.385
 1.25  -0.998   0.996  -0.033   0.032   0.992   0.000  -0.992  -0.992   2.387
 1.24  -0.999   0.996  -0.033   0.032   0.993   0.000  -0.994  -0.993   2.393
 1.23  -0.996   0.997  -0.031   0.030   0.993   0.000  -0.926  -0.993   2.296
 1.22  -0.996   0.997  -0.033   0.032   0.993   0.000  -0.994  -0.993   2.393
 1.21  -0.988   0.997  -0.033   0.032   0.994  -0.000  -0.995  -0.994   2.396
 1.20  -0.997   0.997  -0.033   0.032   0.995   0.000  -0.994  -0.995   2.393
 1.19  -0.989   0.997  -0.033   0.032   0.994  -0.000  -0.995  -0.994   2.396
 1.18  -0.990   0.997  -0.033   0.032   0.994   0.000  -0.995  -0.994   2.395
 1.17  -0.995   0.998  -0.033   0.032   0.995   0.000  -0.995  -0.995   2.397
 1.16  -0.991   0.998  -0.033   0.032   0.996   0.000  -0.996  -0.996   2.400
 1.15  -0.997   0.998  -0.033   0.032   0.996   0.000  -0.997  -0.996   2.403
 1.14  -0.996   0.998  -0.031   0.030   0.996   0.000  -0.929  -0.996   2.305
 1.13  -1.006   0.998  -0.033   0.032   0.997   0.000  -0.996  -0.997   2.402
 1.12  -1.002   0.998  -0.033   0.032   0.997   0.000  -0.997  -0.997   2.404
 1.11  -0.998   0.998  -0.033   0.032   0.998   0.000  -0.997  -0.998   2.404
 1.10  -0.994   0.998  -0.033   0.032   0.997   0.000  -0.996  -0.997   2.401
 1.09  -0.994   0.998  -0.033   0.032   0.997   0.000  -0.997  -0.997   2.403
 1.08  -0.995   0.999  -0.033   0.032   0.998   0.000  -0.997  -0.998   2.405
 1.07  -0.995   0.999  -0.033   0.032   0.997   0.000  -0.997  -0.997   2.404
 1.06  -0.995   0.999  -0.033   0.032   0.997  -0.000  -0.997  -0.997   2.405
 1.05  -0.996   0.999  -0.033   0.032   0.999   0.000  -0.997  -0.999   2.406
 1.04  -0.996   0.999  -0.033   0.032   0.999  -0.000  -0.998  -0.999   2.409
 1.03  -0.997   0.999  -0.033   0.032   0.999   0.000  -0.998  -0.999   2.408
 1.02  -1.001   0.999  -0.033   0.032   0.998   0.000  -0.998  -0.998   2.406
 1.01  -0.997   0.999  -0.033   0.032   0.999   0.000  -0.998  -0.999   2.409
 1.00  -0.997   0.999  -0.033   0.032   0.998  -0.000  -0.999  -0.998   2.410
 0.99  -0.997   0.999  -0.033   0.032   0.999   0.000  -0.999  -0.999   2.411
 0.98  -0.998   0.999  -0.033   0.032   0.999  -0.000  -0.999  -0.999   2.411
 0.97  -0.998   0.999  -0.033   0.032   0.998   0.000  -0.998  -0.998   2.408
 0.96  -0.998   0.999  -0.033   0.032   0.999  -0.000  -0.999  -0.999   2.410
 0.95  -0.998   1.000  -0.033   0.032   0.999  -0.000  -0.999  -0.999   2.411
 0.94  -0.998   1.000  -0.033   0.032   0.999  -0.000  -1.000  -0.999   2.413
 0.93  -0.999   1.000  -0.033   0.032   0.999  -0.000  -1.000  -0.999   2.413
 0.92  -0.999   1.000  -0.033   0.032   0.999  -0.000  -0.999  -0.999   2.411
 0.91  -0.999   1.000  -0.033   0.032   0.999  -0.000  -0.999  -0.999   2.412
 0.90  -0.999   1.000  -0.033   0.032   1.000  -0.000  -1.000  -1.000   2.413
 0.89  -0.999   1.000  -0.033   0.032   0.999   0.000  -1.000  -0.999   2.412
 0.88  -0.999   1.000  -0.033   0.032   0.999  -0.000  -1.000  -0.999   2.413
 0.87  -0.999   1.000  -0.033   0.032   1.000  -0.000  -1.000  -1.000   2.413
 0.86  -0.999   1.000  -0.033   0.032   1.000  -0.000  -0.999  -1.000   2.412
 0.85  -0.999   1.000  -0.033   0.032   0.999   0.000  -1.000  -0.999   2.413
 0.84  -1.000   1.000  -0.033   0.032   1.000   0.000  -1.000  -1.000   2.414
 0.83  -0.999   1.000  -0.033   0.032   1.000  -0.000  -1.000  -1.000   2.414
 0.82  -1.000   1.000  -0.033   0.032   1.000  -0.000  -1.000  -1.000   2.413
 0.81  -1.000   1.000  -0.033   0.032   1.000  -0.000  -1.000  -1.000   2.414
 0.80  -1.000   1.000  -0.033   0.032   1.000  -0.000  -1.000  -1.000   2.414
 0.79  -1.000   1.000  -0.033   0.032   1.000  -0.000  -1.000  -1.000   2.413
 0.78  -1.000   1.000  -0.033   0.032   1.000  -0.000  -1.000  -1.000   2.414
 0.77  -1.000   1.000  -0.033   0.032   1.000  -0.000  -1.000  -1.000   2.414
 0.76  -1.000   1.000  -0.033   0.032   1.000   0.000  -1.000  -1.000   2.414
 0.75  -1.000   1.000  -0.033   0.032   1.000   0.000  -1.000  -1.000   2.414
 0.74  -1.000   1.000  -0.033   0.032   1.000  -0.000  -1.000  -1.000   2.414
 0.73  -1.000   1.000  -0.033   0.032   1.000   0.000  -1.000  -1.000   2.414
 0.72  -1.000   1.000  -0.033   0.032   1.000  -0.000  -1.000  -1.000   2.414
 0.71  -1.000   1.000  -0.033   0.032   1.000   0.000  -1.000  -1.000   2.414
 0.70  -1.000   1.000  -0.033   0.032   1.000  -0.000  -1.000  -1.000   2.414
 0.69  -1.000   1.000  -0.033   0.032   1.000   0.000  -1.000  -1.000   2.414
 0.68  -1.000   1.000  -0.033   0.032   1.000   0.000  -1.000  -1.000   2.414
 0.67  -1.000   1.000  -0.033   0.032   1.000   0.000  -1.000  -1.000   2.414
 0.66  -1.000   1.000  -0.033   0.032   1.000   0.000  -1.000  -1.000   2.414
 0.65  -1.000   1.000  -0.033   0.032   1.000   0.000  -1.000  -1.000   2.414
 0.64  -1.000   1.000  -0.033   0.032   1.000   0.000  -1.000  -1.000   2.414
 0.63  -1.000   1.000  -0.033   0.032   1.000   0.000  -1.000  -1.000   2.414
 0.62  -1.000   1.000  -0.033   0.032   1.000   0.000  -1.000  -1.000   2.414
 0.61  -1.000   1.000  -0.033   0.032   1.000   0.000  -1.000  -1.000   2.414
 0.60  -1.000   1.000  -0.033   0.032   1.000   0.000  -1.000  -1.000   2.414
 0.59  -1.000   1.000  -0.033   0.032   1.000   0.000  -1.000  -1.000   2.414
 0.58  -1.000   1.000  -0.033   0.032   1.000   0.000  -1.000  -1.000   2.414
 0.57  -1.000   1.000  -0.033   0.032   1.000   0.000  -1.000  -1.000   2.414
 0.56  -1.000   1.000  -0.033   0.032   1.000   0.000  -1.000  -1.000   2.414
 0.55  -1.000   1.000  -0.033   0.032   1.000   0.000  -1.000  -1.000   2.414
 0.54  -1.000   1.000  -0.033   0.032   1.000   0.000  -1.000  -1.000   2.414
 0.53  -1.000   1.000  -0.033   0.032   1.000   0.000  -1.000  -1.000   2.414
 0.52  -1.000   1.000  -0.033   0.032   1.000   0.000  -1.000  -1.000   2.414
 0.51  -1.000   1.000  -0.033   0.032   1.000   0.000  -1.000  -1.000   2.414
 0.50  -1.000   1.000  -0.033   0.032   1.000   0.000  -1.000  -1.000   2.414
