#   n   1/n    <E>    <|M|>     Szi    C(Sz)    Sxi    C(Sx)   Z1X2    X1Z2    Bell
#  ---  ----  ------  -----    -----   -----   -----   -----   -----  ------   -----
  2    0.500   0.150   0.628   0.018   0.216   0.403   0.095   0.014   0.026   0.250
  3    0.333  -0.411   0.464  -0.333  -0.074   0.274   0.044  -0.273   0.091   0.505
  4    0.250  -0.417   0.344   0.250  -0.188   0.239   0.017   0.206  -0.239  -0.225
  5    0.200   0.081   0.272   0.200   0.160   0.234   0.004   0.226   0.234  -0.262
  6    0.167  -0.197   0.229   0.111   0.154   0.209   0.010   0.146   0.139  -0.151
  7    0.143  -0.466   0.193  -0.020  -0.059   0.216   0.007  -0.030   0.154   0.094
  8    0.125   0.016   0.163   0.062   0.004   0.214   0.001   0.106  -0.107  -0.104
  9    0.111  -0.164   0.149  -0.037  -0.015   0.208   0.007  -0.066  -0.115   0.142
  10    0.100  -0.147   0.136  -0.020   0.040   0.208   0.003  -0.044   0.000   0.112
  11    0.091  -0.390   0.128  -0.025   0.041   0.219  -0.000  -0.063  -0.020   0.139
  12    0.083  -0.319   0.116   0.014   0.042   0.215   0.002   0.034   0.000  -0.002
  13    0.077  -0.139   0.105  -0.006   0.030   0.213   0.006  -0.016  -0.016   0.073
  14    0.071  -0.201   0.097  -0.010   0.010   0.221   0.006  -0.031   0.032   0.097
  15    0.067  -0.181   0.090  -0.004   0.004   0.215   0.002  -0.014  -0.100   0.068
  16    0.062  -0.179   0.087   0.023   0.023   0.210   0.004   0.080   0.053  -0.064
  17    0.059  -0.257   0.076  -0.010   0.017   0.214   0.001  -0.038  -0.038   0.100
  18    0.056  -0.157   0.074  -0.006   0.012   0.211   0.002  -0.024  -0.047   0.080
  19    0.053  -0.248   0.069  -0.003   0.003   0.213   0.002  -0.012   0.011   0.065
  20    0.050  -0.192   0.068   0.010   0.025   0.216   0.001   0.044  -0.065  -0.013
  21    0.048  -0.233   0.063  -0.002   0.025   0.213   0.003  -0.010   0.010   0.064
  22    0.045  -0.121   0.061   0.004   0.021   0.217   0.002   0.019   0.020   0.020
  23    0.043  -0.246   0.059  -0.002  -0.006   0.210   0.001  -0.010   0.046   0.062
  24    0.042  -0.160   0.055   0.010   0.010   0.216   0.002   0.054  -0.036  -0.027
  25    0.040  -0.272   0.055   0.002   0.014   0.221   0.001   0.009   0.044   0.036
  26    0.038  -0.280   0.051  -0.003  -0.006   0.209   0.001  -0.016  -0.064   0.069
  27    0.037  -0.216   0.049   0.010   0.010   0.217   0.001   0.054  -0.008  -0.030
  28    0.036  -0.214   0.048  -0.013   0.013   0.219   0.001  -0.078  -0.031   0.158
  29    0.034  -0.187   0.046  -0.004   0.013   0.218   0.001  -0.022  -0.008   0.078
  30    0.033  -0.265   0.046   0.004   0.009   0.212   0.001   0.029   0.042   0.006
  31    0.032  -0.173   0.042  -0.003   0.005   0.220   0.001  -0.021   0.078   0.078
  32    0.031  -0.233   0.042   0.002   0.004   0.209   0.001   0.014   0.013   0.027
  33    0.030  -0.194   0.042  -0.010   0.008   0.215   0.002  -0.071  -0.046   0.147
  34    0.029  -0.181   0.040   0.002  -0.002   0.214   0.002   0.012  -0.013   0.029
  35    0.029  -0.179   0.038   0.001   0.009   0.211   0.001   0.006   0.054   0.038
  36    0.028  -0.173   0.038  -0.005   0.001   0.217   0.001  -0.036  -0.097   0.099
  37    0.027  -0.240   0.036  -0.002   0.005   0.215   0.001  -0.017  -0.052   0.071
  38    0.026  -0.171   0.035   0.006   0.010   0.215   0.001   0.045   0.045  -0.017
  39    0.026  -0.193   0.035   0.005   0.002   0.211   0.001   0.038   0.016  -0.008
  40    0.025  -0.201   0.035  -0.009   0.011   0.211   0.001  -0.074  -0.021   0.151
  41    0.024  -0.227   0.032   0.004   0.001   0.216   0.001   0.037  -0.005  -0.004
  42    0.024  -0.210   0.032   0.001   0.007   0.215   0.001   0.010   0.041   0.032
  43    0.023  -0.235   0.031   0.004   0.004   0.212   0.001   0.035   0.034  -0.003
  44    0.023  -0.220   0.030   0.005   0.007   0.220   0.001   0.049   0.020  -0.021
  45    0.022  -0.235   0.029   0.004   0.001   0.211   0.001   0.042   0.014  -0.014
  46    0.022  -0.189   0.029  -0.005   0.005   0.214   0.001  -0.045   0.028   0.110
  47    0.021  -0.214   0.027  -0.003   0.004   0.212   0.001  -0.032   0.014   0.091
  48    0.021  -0.226   0.029   0.003   0.003   0.210   0.001   0.036   0.053  -0.005
  49    0.020  -0.227   0.028  -0.003   0.005   0.211   0.001  -0.030  -0.022   0.088
  50    0.020  -0.241   0.026  -0.005   0.003   0.209   0.001  -0.053   0.008   0.121
  51    0.020  -0.222   0.027   0.004   0.006   0.218   0.000   0.046   0.107  -0.019
  52    0.019  -0.268   0.026  -0.003  -0.001   0.211   0.000  -0.033   0.032   0.092
  53    0.019  -0.240   0.025  -0.001   0.005   0.218   0.000  -0.012  -0.021   0.065
  54    0.019  -0.217   0.024   0.001   0.004   0.213   0.000   0.016   0.024   0.023
  55    0.018  -0.182   0.024  -0.004   0.002   0.215   0.001  -0.043   0.035   0.108
  56    0.018  -0.179   0.024  -0.003   0.005   0.212   0.000  -0.030  -0.015   0.089
  57    0.018  -0.232   0.023   0.001   0.002   0.212   0.001   0.011   0.004   0.030
  58    0.017  -0.211   0.023  -0.008   0.005   0.214   0.001  -0.100  -0.037   0.189
  59    0.017  -0.206   0.023   0.001   0.004   0.220   0.001   0.018   0.056   0.022
  60    0.017  -0.212   0.022  -0.001   0.003   0.216   0.000  -0.015  -0.065   0.068
  61    0.016  -0.206   0.022   0.000   0.003   0.220   0.001   0.004  -0.047   0.044
  62    0.016  -0.194   0.021   0.006   0.006   0.217   0.001   0.076   0.049  -0.061
  63    0.016  -0.213   0.021   0.004   0.004   0.216   0.001   0.050   0.072  -0.024
  64    0.016  -0.179   0.021   0.005   0.005   0.214   0.001   0.074   0.007  -0.058
  65    0.015  -0.177   0.021  -0.003   0.001   0.214   0.001  -0.035   0.016   0.096
  66    0.015  -0.207   0.020  -0.000   0.004   0.215   0.001  -0.006   0.065   0.056
  67    0.015  -0.206   0.021  -0.001   0.002   0.215   0.001  -0.009  -0.016   0.060
  68    0.015  -0.205   0.020   0.001   0.002   0.216   0.001   0.012  -0.019   0.029
  69    0.014  -0.262   0.020  -0.004   0.004   0.214   0.001  -0.065  -0.016   0.139
  70    0.014  -0.205   0.020   0.005   0.006   0.211  -0.000   0.074   0.030  -0.059
  71    0.014  -0.203   0.019   0.004   0.001   0.216   0.001   0.063   0.052  -0.042
  72    0.014  -0.221   0.018   0.002   0.003   0.218   0.001   0.030   0.030   0.005
  73    0.014  -0.199   0.018   0.002   0.001   0.212   0.001   0.033  -0.026   0.001
  74    0.014  -0.223   0.018  -0.000   0.004   0.216   0.001  -0.006  -0.029   0.054
  75    0.013  -0.205   0.018   0.000   0.006   0.216   0.001   0.003  -0.032   0.042
  76    0.013  -0.206   0.018   0.000   0.001   0.216   0.001   0.006  -0.046   0.039
  77    0.013  -0.215   0.018  -0.001   0.003   0.217   0.000  -0.014  -0.025   0.067
  78    0.013  -0.228   0.017  -0.001  -0.000   0.216   0.001  -0.011  -0.017   0.063
  79    0.013  -0.214   0.017  -0.001   0.002   0.214   0.000  -0.024  -0.003   0.080
  80    0.013  -0.211   0.017   0.002   0.004   0.217   0.000   0.038   0.005  -0.006
  81    0.012  -0.209   0.017  -0.001   0.003   0.209   0.000  -0.013  -0.044   0.063
  82    0.012  -0.228   0.016  -0.001   0.004   0.214   0.001  -0.026  -0.031   0.083
  83    0.012  -0.207   0.017  -0.001   0.002   0.211   0.001  -0.013   0.013   0.064
  84    0.012  -0.226   0.016   0.001   0.003   0.216   0.001   0.010   0.021   0.032
  85    0.012  -0.204   0.016  -0.002  -0.001   0.216   0.001  -0.037  -0.053   0.098
  86    0.012  -0.219   0.015   0.001   0.004   0.213   0.000   0.010   0.015   0.032
  87    0.011  -0.198   0.016   0.003   0.001   0.215   0.001   0.052   0.062  -0.027
  88    0.011  -0.226   0.016  -0.001   0.001   0.216   0.001  -0.024   0.005   0.081
  89    0.011  -0.213   0.015   0.001   0.004   0.221   0.000   0.022   0.007   0.017
  90    0.011  -0.229   0.015  -0.000   0.001   0.212   0.001  -0.005   0.028   0.052
  91    0.011  -0.218   0.015   0.003   0.002   0.215   0.001   0.048  -0.012  -0.023
  92    0.011  -0.210   0.015   0.003   0.001   0.212   0.000   0.056   0.046  -0.033
  93    0.011  -0.236   0.015  -0.001   0.003   0.217   0.000  -0.025  -0.021   0.083
  94    0.011  -0.208   0.014  -0.001   0.001   0.211   0.000  -0.023   0.004   0.077
  95    0.011  -0.221   0.014  -0.000   0.001   0.213   0.000  -0.007   0.038   0.056
  96    0.010  -0.218   0.014  -0.001   0.002   0.214   0.000  -0.022  -0.062   0.078
  97    0.010  -0.218   0.013  -0.001   0.002   0.212   0.000  -0.011  -0.028   0.062
  98    0.010  -0.205   0.014  -0.001   0.002   0.215   0.000  -0.022  -0.018   0.077
  99    0.010  -0.201   0.014  -0.002   0.002   0.214   0.000  -0.032  -0.002   0.090
  100    0.010  -0.212   0.014  -0.001   0.002   0.216   0.001  -0.013  -0.022   0.066
  101    0.010  -0.216   0.013   0.001   0.002   0.210  -0.000   0.015  -0.015   0.024
  102    0.010  -0.215   0.013   0.000   0.002   0.214   0.000   0.008   0.013   0.034
  103    0.010  -0.216   0.013   0.000   0.002   0.213   0.001   0.006  -0.064   0.038
  104    0.010  -0.227   0.013   0.001   0.003   0.215   0.001   0.025   0.021   0.012
  105    0.010  -0.217   0.013  -0.001   0.003   0.212   0.000  -0.031  -0.022   0.089
  106    0.009  -0.209   0.013  -0.001   0.003   0.217   0.000  -0.012  -0.008   0.063
  107    0.009  -0.209   0.013  -0.001   0.001   0.214   0.000  -0.018   0.006   0.071
  108    0.009  -0.222   0.013  -0.001   0.003   0.215   0.000  -0.012   0.000   0.063
  109    0.009  -0.226   0.012   0.002   0.001   0.212   0.000   0.037   0.002  -0.007
  110    0.009  -0.227   0.013   0.000   0.002   0.214   0.000   0.008  -0.027   0.034
  111    0.009  -0.213   0.012  -0.001   0.003   0.215   0.001  -0.013  -0.033   0.066
  112    0.009  -0.210   0.012  -0.000   0.002   0.216   0.000  -0.004   0.027   0.051
  113    0.009  -0.220   0.012  -0.000   0.002   0.216   0.000  -0.009  -0.025   0.059
  114    0.009  -0.213   0.012  -0.000   0.000   0.214   0.000  -0.008   0.000   0.057
  115    0.009  -0.213   0.011   0.001   0.001   0.214   0.000   0.024   0.024   0.012
  116    0.009  -0.214   0.012   0.000   0.002   0.215   0.000   0.011   0.000   0.031
  117    0.009  -0.217   0.012  -0.001   0.000   0.212   0.000  -0.013   0.024   0.063
  118    0.008  -0.203   0.012  -0.001   0.002   0.214   0.000  -0.022  -0.022   0.076
  119    0.008  -0.211   0.011   0.000   0.002   0.210   0.000   0.009  -0.012   0.033
  120    0.008  -0.202   0.012   0.000   0.001   0.211   0.000   0.007   0.000   0.035
  121    0.008  -0.209   0.011  -0.000   0.002   0.211   0.001  -0.002   0.002   0.049
  122    0.008  -0.213   0.011   0.000   0.001   0.212   0.000   0.011   0.035   0.031
  123    0.008  -0.211   0.011  -0.001   0.001   0.214   0.000  -0.037   0.002   0.098
  124    0.008  -0.226   0.011  -0.001   0.001   0.218   0.000  -0.024  -0.035   0.080
  125    0.008  -0.226   0.011   0.001  -0.000   0.218   0.000   0.037  -0.023  -0.004
  126    0.008  -0.225   0.011  -0.001   0.002   0.210   0.000  -0.014   0.010   0.065
  127    0.008  -0.226   0.011   0.001   0.001   0.211   0.001   0.032   0.018   0.000
  128    0.008  -0.209   0.011  -0.002   0.002   0.216   0.001  -0.043  -0.017   0.106
  129    0.008  -0.203   0.010  -0.001   0.002   0.218   0.001  -0.019  -0.015   0.074
  130    0.008  -0.211   0.011  -0.001   0.003   0.214   0.000  -0.033  -0.007   0.092
  131    0.008  -0.228   0.010   0.001   0.002   0.217   0.001   0.021   0.008   0.017
  132    0.008  -0.207   0.010   0.000   0.003   0.213   0.000   0.013   0.013   0.028
  133    0.008  -0.223   0.010   0.000   0.001   0.215   0.000   0.002  -0.040   0.044
  134    0.007  -0.215   0.010   0.000   0.002   0.215   0.000   0.000   0.019   0.046
  135    0.007  -0.220   0.010   0.000   0.003   0.215   0.000   0.002  -0.011   0.044
  136    0.007  -0.221   0.010  -0.000   0.002   0.215   0.000  -0.003  -0.038   0.050
  137    0.007  -0.213   0.010  -0.000   0.002   0.212   0.000  -0.008   0.011   0.057
  138    0.007  -0.210   0.010  -0.001   0.001   0.214   0.000  -0.019  -0.025   0.073
  139    0.007  -0.224   0.010   0.001   0.002   0.214   0.000   0.026   0.026   0.009
  140    0.007  -0.213   0.010  -0.000   0.001   0.213   0.000  -0.012  -0.018   0.063
  141    0.007  -0.218   0.009   0.000   0.001   0.218   0.000   0.002   0.023   0.045
  142    0.007  -0.210   0.009   0.000   0.002   0.214   0.001   0.000  -0.009   0.047
  143    0.007  -0.214   0.010  -0.000   0.002   0.212   0.000  -0.008   0.001   0.056
  144    0.007  -0.208   0.009   0.000   0.002   0.215   0.000   0.003   0.027   0.043
  145    0.007  -0.217   0.009   0.000   0.002   0.218   0.001   0.001  -0.041   0.045
  146    0.007  -0.204   0.009  -0.000   0.001   0.215   0.000  -0.014  -0.026   0.066
  147    0.007  -0.223   0.009  -0.000   0.001   0.213   0.000  -0.001  -0.013   0.048
  148    0.007  -0.213   0.009   0.000   0.001   0.211   0.000   0.000  -0.014   0.046
  149    0.007  -0.210   0.009  -0.000   0.000   0.215   0.000  -0.007  -0.019   0.056
  150    0.007  -0.211   0.009  -0.001   0.002   0.213   0.000  -0.020  -0.014   0.073
  151    0.007  -0.207   0.009   0.001   0.001   0.216   0.000   0.025   0.010   0.013
  152    0.007  -0.205   0.009  -0.002   0.001   0.213   0.000  -0.059  -0.020   0.130
  153    0.007  -0.206   0.009  -0.001   0.000   0.212   0.000  -0.024  -0.004   0.080
  154    0.006  -0.204   0.009  -0.001   0.001   0.212   0.000  -0.030  -0.014   0.088
  155    0.006  -0.222   0.009  -0.000   0.001   0.214   0.000  -0.001   0.007   0.049
  156    0.006  -0.211   0.008   0.000   0.001   0.214   0.000   0.000   0.014   0.047
  157    0.006  -0.214   0.009   0.001   0.002   0.212   0.000   0.037   0.015  -0.006
  158    0.006  -0.206   0.008  -0.001   0.002   0.211   0.000  -0.027  -0.005   0.084
  159    0.006  -0.213   0.008  -0.000   0.002   0.217   0.000  -0.015  -0.004   0.067
  160    0.006  -0.223   0.008   0.000   0.002   0.214   0.000   0.000  -0.029   0.046
  161    0.006  -0.228   0.008   0.000   0.002   0.212   0.001   0.007   0.015   0.037
  162    0.006  -0.217   0.008  -0.001   0.001   0.213   0.000  -0.018  -0.018   0.072
  163    0.006  -0.221   0.008   0.000   0.002   0.215   0.000   0.007  -0.017   0.037
  164    0.006  -0.213   0.008   0.001   0.001   0.212   0.000   0.018  -0.003   0.020
  165    0.006  -0.209   0.008   0.000   0.001   0.213   0.000   0.009  -0.006   0.033
  166    0.006  -0.211   0.008   0.001   0.001   0.215   0.000   0.029   0.047   0.006
  167    0.006  -0.209   0.008   0.000   0.001   0.212   0.000   0.014   0.006   0.026
  168    0.006  -0.209   0.008   0.000   0.001   0.214   0.000   0.008  -0.033   0.035
  169    0.006  -0.218   0.008  -0.001   0.001   0.212   0.000  -0.026   0.009   0.082
  170    0.006  -0.209   0.008  -0.000   0.001   0.213   0.000  -0.015   0.008   0.067
  171    0.006  -0.204   0.008   0.001   0.001   0.217   0.000   0.021  -0.027   0.017
  172    0.006  -0.214   0.008   0.000   0.001   0.211   0.000   0.010  -0.017   0.031
  173    0.006  -0.224   0.008   0.001   0.001   0.212   0.000   0.043   0.009  -0.016
  174    0.006  -0.212   0.007   0.001   0.001   0.214  -0.000   0.027   0.042   0.007
  175    0.006  -0.224   0.008  -0.000   0.002   0.216   0.000  -0.016   0.004   0.069
  176    0.006  -0.218   0.008   0.000   0.001   0.214   0.000   0.007  -0.019   0.036
  177    0.006  -0.213   0.008   0.000   0.002   0.213   0.000   0.004   0.025   0.041
  178    0.006  -0.220   0.008   0.000   0.001   0.212   0.000   0.012  -0.019   0.029
  179    0.006  -0.213   0.008  -0.000   0.001   0.214   0.000  -0.004   0.001   0.051
  180    0.006  -0.205   0.008   0.001   0.001   0.215   0.000   0.028  -0.007   0.006
  181    0.006  -0.217   0.007   0.000   0.002   0.217   0.000   0.011  -0.001   0.032
  182    0.005  -0.213   0.007  -0.000   0.002   0.212   0.000  -0.014  -0.033   0.066
  183    0.005  -0.216   0.008  -0.000   0.001   0.214   0.000  -0.004   0.006   0.051
  184    0.005  -0.223   0.008  -0.000   0.001   0.216   0.000  -0.019  -0.014   0.073
  185    0.005  -0.211   0.007   0.000   0.001   0.217   0.000   0.013   0.025   0.028
  186    0.005  -0.210   0.007   0.000   0.001   0.213   0.000   0.000   0.000   0.046
  187    0.005  -0.220   0.007  -0.000   0.001   0.211   0.000  -0.010   0.010   0.060
  188    0.005  -0.216   0.007   0.001   0.002   0.213   0.000   0.027   0.011   0.007
  189    0.005  -0.210   0.007  -0.000   0.001   0.214   0.000  -0.008   0.008   0.057
  190    0.005  -0.222   0.007   0.000   0.001   0.213   0.000   0.005   0.013   0.040
  191    0.005  -0.224   0.007   0.000   0.001   0.215   0.000   0.008   0.057   0.035
  192    0.005  -0.216   0.007   0.000   0.001   0.213   0.000   0.016  -0.027   0.024
  193    0.005  -0.205   0.007   0.001   0.000   0.214   0.000   0.026  -0.003   0.010
  194    0.005  -0.212   0.007   0.000   0.002   0.213   0.000   0.016  -0.020   0.024
  195    0.005  -0.212   0.007   0.000   0.001   0.214   0.000   0.019   0.030   0.020
  196    0.005  -0.214   0.007  -0.000   0.001   0.213   0.000  -0.004   0.013   0.052
  197    0.005  -0.219   0.007   0.000   0.001   0.210   0.000   0.005   0.027   0.037
  198    0.005  -0.218   0.007  -0.000   0.001   0.211   0.000  -0.002  -0.011   0.048
  199    0.005  -0.213   0.007   0.000   0.001   0.214   0.000   0.003  -0.018   0.042
  200    0.005  -0.216   0.007   0.001   0.001   0.215   0.000   0.032   0.021   0.001
  201    0.005  -0.206   0.007  -0.000   0.001   0.216   0.000  -0.005  -0.001   0.054
  202    0.005  -0.216   0.007   0.000   0.002   0.212   0.000   0.017  -0.032   0.022
  203    0.005  -0.212   0.006   0.000   0.001   0.214   0.000   0.012   0.022   0.030
  204    0.005  -0.216   0.007  -0.001   0.001   0.212   0.000  -0.025  -0.023   0.081
  205    0.005  -0.212   0.006   0.000   0.000   0.212   0.000   0.011   0.001   0.029
  206    0.005  -0.219   0.007   0.001   0.001   0.216   0.000   0.040   0.015  -0.009
  207    0.005  -0.214   0.007  -0.000   0.001   0.212   0.000  -0.011  -0.011   0.061
  208    0.005  -0.219   0.006   0.000   0.000   0.213   0.000   0.021   0.000   0.016
  209    0.005  -0.209   0.006   0.000   0.000   0.215   0.000   0.005  -0.005   0.040
  210    0.005  -0.206   0.006  -0.001   0.001   0.212   0.000  -0.027  -0.016   0.084
  211    0.005  -0.220   0.006   0.000   0.001   0.211   0.000   0.003   0.021   0.041
  212    0.005  -0.212   0.006   0.001   0.002   0.216   0.000   0.024  -0.002   0.012
  213    0.005  -0.214   0.006   0.000   0.001   0.215   0.000   0.011   0.015   0.030
  214    0.005  -0.217   0.006   0.000   0.001   0.215   0.000   0.000   0.004   0.046
  215    0.005  -0.224   0.006  -0.000   0.001   0.213   0.000  -0.005   0.005   0.053
  216    0.005  -0.210   0.006  -0.000   0.001   0.214   0.000  -0.022   0.036   0.078
  217    0.005  -0.221   0.007  -0.001   0.001   0.212   0.000  -0.051  -0.019   0.117
  218    0.005  -0.221   0.006   0.000   0.001   0.215  -0.000   0.004  -0.004   0.040
  219    0.005  -0.217   0.006   0.001   0.001   0.214   0.000   0.030  -0.017   0.003
  220    0.005  -0.210   0.006  -0.000   0.001   0.213   0.000  -0.019   0.000   0.072
  221    0.005  -0.216   0.006  -0.000   0.001   0.215   0.000  -0.018  -0.024   0.072
  222    0.005  -0.218   0.006  -0.000   0.001   0.215   0.000  -0.014   0.027   0.065
  223    0.004  -0.213   0.006   0.000   0.001   0.212   0.000   0.003   0.001   0.042
  224    0.004  -0.211   0.006  -0.000   0.001   0.214   0.000  -0.013   0.010   0.065
  225    0.004  -0.211   0.006  -0.000   0.001   0.214   0.000  -0.007   0.009   0.055
  226    0.004  -0.213   0.006   0.001   0.001   0.214   0.000   0.026  -0.004   0.008
  227    0.004  -0.219   0.006   0.000   0.001   0.214   0.000   0.005   0.005   0.040
  228    0.004  -0.208   0.006   0.001   0.001   0.214   0.000   0.026   0.017   0.009
  229    0.004  -0.211   0.006   0.000   0.001   0.216   0.000   0.001  -0.008   0.045
  230    0.004  -0.215   0.006   0.000   0.001   0.213   0.000   0.018   0.015   0.019
  231    0.004  -0.215   0.006  -0.000   0.001   0.214   0.000  -0.012   0.032   0.063
  232    0.004  -0.217   0.006  -0.000   0.001   0.214   0.000  -0.011  -0.028   0.062
  233    0.004  -0.220   0.006  -0.000   0.001   0.213   0.000  -0.017  -0.036   0.070
  234    0.004  -0.222   0.006  -0.000   0.001   0.212   0.000  -0.007   0.013   0.056
  235    0.004  -0.212   0.006   0.001   0.001   0.215   0.000   0.041   0.061  -0.012
  236    0.004  -0.222   0.006   0.000   0.001   0.215   0.000   0.009   0.011   0.033
  237    0.004  -0.220   0.006  -0.000   0.001   0.215   0.000  -0.021   0.010   0.075
  238    0.004  -0.213   0.006  -0.000   0.000   0.216   0.000  -0.011  -0.024   0.062
  239    0.004  -0.219   0.006  -0.001   0.001   0.216   0.000  -0.028  -0.023   0.085
  240    0.004  -0.206   0.005   0.000   0.001   0.215   0.000   0.014  -0.027   0.026
  241    0.004  -0.218   0.005   0.000   0.001   0.213   0.000   0.006   0.024   0.037
  242    0.004  -0.210   0.005  -0.000   0.001   0.212   0.000  -0.012   0.002   0.063
  243    0.004  -0.208   0.006   0.000   0.000   0.214   0.000   0.025   0.022   0.010
  244    0.004  -0.212   0.005   0.000   0.002   0.214   0.000   0.002   0.009   0.043
  245    0.004  -0.214   0.006  -0.000   0.001   0.216   0.000  -0.003  -0.011   0.050
  246    0.004  -0.211   0.005   0.000   0.001   0.215   0.000   0.004   0.005   0.042
  247    0.004  -0.211   0.005  -0.000   0.001   0.212   0.000  -0.004   0.016   0.051
  248    0.004  -0.212   0.005   0.000   0.001   0.214   0.000   0.026   0.033   0.010
  249    0.004  -0.210   0.006  -0.000   0.001   0.216  -0.000  -0.021  -0.018   0.076
  250    0.004  -0.213   0.005  -0.000   0.001   0.213   0.000  -0.022  -0.010   0.077
  251    0.004  -0.215   0.005   0.000   0.001   0.214   0.000   0.016   0.006   0.023
  252    0.004  -0.216   0.005  -0.000   0.001   0.212   0.000  -0.003   0.020   0.051
  253    0.004  -0.219   0.005   0.000   0.001   0.214   0.000   0.004   0.004   0.040
  254    0.004  -0.210   0.005   0.000   0.001   0.212   0.000   0.007  -0.017   0.036
  255    0.004  -0.213   0.005  -0.000   0.001   0.215   0.000  -0.001   0.001   0.047
  256    0.004  -0.217   0.005  -0.000   0.001   0.214   0.000  -0.020  -0.015   0.075
  257    0.004  -0.216   0.005  -0.001   0.001   0.215   0.000  -0.031  -0.026   0.090
  258    0.004  -0.211   0.005   0.001   0.000   0.215   0.000   0.035   0.017  -0.003
  259    0.004  -0.212   0.005  -0.000   0.001   0.210   0.000  -0.024  -0.019   0.078
  260    0.004  -0.215   0.005   0.000   0.001   0.214   0.000   0.016   0.026   0.023
  261    0.004  -0.216   0.005   0.000   0.000   0.214   0.000   0.012   0.039   0.029
  262    0.004  -0.213   0.005   0.000   0.001   0.212   0.000   0.018   0.002   0.020
  263    0.004  -0.219   0.005   0.000   0.001   0.213   0.000   0.011   0.009   0.031
  264    0.004  -0.213   0.005   0.000   0.001   0.212   0.000   0.015   0.005   0.025
  265    0.004  -0.217   0.005  -0.000   0.001   0.212   0.000  -0.015  -0.049   0.067
  266    0.004  -0.214   0.005  -0.000   0.001   0.213   0.000  -0.003   0.003   0.050
  267    0.004  -0.220   0.005  -0.000   0.000   0.216   0.000  -0.007   0.028   0.057
  268    0.004  -0.223   0.005  -0.000   0.001   0.214   0.000  -0.013  -0.011   0.064
  269    0.004  -0.208   0.005   0.000   0.000   0.215   0.000   0.010   0.010   0.032
  270    0.004  -0.204   0.005  -0.001   0.001   0.216   0.000  -0.034  -0.010   0.094
  271    0.004  -0.217   0.005  -0.000   0.001   0.214   0.000  -0.010   0.001   0.061
  272    0.004  -0.216   0.005  -0.000   0.001   0.213   0.000  -0.013   0.013   0.063
  273    0.004  -0.213   0.005   0.000   0.001   0.212   0.000   0.018  -0.010   0.020
  274    0.004  -0.211   0.005   0.000   0.001   0.213   0.000   0.005   0.002   0.039
  275    0.004  -0.216   0.005   0.000   0.001   0.213   0.000   0.001   0.001   0.044
