# i = 0	j = 1
# T(K)   <E>   |<M>|   Szi   SziSzj  Corr(Szi,Szj)
# ---  ------  -----  -----  ------  -------------
 5.00  4  -0.429  0.002  0.259  -0.037  -0.104  -16.683
 4.95  4  -0.437  0.004  -0.259  0.111  0.082  0.559
 4.90  4  -0.440  0.004  0.111  -0.185  -0.148  -10.854
 4.85  4  -0.443  0.001  -0.407  -0.185  -0.230  -4.964
 4.80  4  -0.451  0.002  0.185  0.259  0.307  -10.580
 4.75  4  -0.453  0.005  -0.037  0.185  0.165  -5.223
 4.70  4  -0.457  0.003  0.259  -0.037  0.049  -5.011
 4.65  4  -0.465  0.000  0.111  0.185  0.181  -10.776
 4.60  4  -0.471  0.002  -0.481  0.333  0.209  -4.904
 4.55  4  -0.479  0.003  0.259  0.407  0.263  -5.047
 4.50  4  -0.484  0.002  0.407  0.185  0.230  -16.493
 4.45  4  -0.491  0.001  0.111  0.037  -0.000  13.008
 4.40  4  -0.496  0.005  0.037  0.111  0.121  -4.472
 4.35  4  -0.500  0.004  0.111  -0.037  0.000  1.320
 4.30  4  -0.511  0.001  -0.481  -0.333  -0.422  -16.558
 4.25  4  -0.518  0.000  -0.037  0.333  0.324  1.112
 4.20  4  -0.526  0.005  0.481  0.259  0.099  -22.558
 4.15  4  -0.531  0.003  -0.111  0.037  0.016  1.340
 4.10  4  -0.545  0.003  -0.185  0.111  0.159  -4.635
 4.05  4  -0.547  0.001  -0.333  0.037  -0.000  7.626
 4.00  4  -0.557  0.008  0.037  0.185  0.176  -10.698
 3.95  4  -0.568  0.004  -0.185  -0.037  -0.016  7.852
 3.90  4  -0.574  0.005  -0.111  -0.037  -0.033  -10.387
 3.85  4  -0.581  0.004  -0.259  0.037  0.143  2.124
 3.80  4  -0.593  0.003  0.185  0.481  0.516  2.345
 3.75  4  -0.601  0.002  0.037  0.259  0.263  8.481
 3.70  4  -0.613  0.002  -0.259  0.333  0.209  -4.088
 3.65  4  -0.625  0.008  0.259  0.111  0.044  -10.063
 3.60  4  -0.634  0.001  0.259  -0.259  -0.269  9.007
 3.55  4  -0.647  0.000  -0.481  0.481  0.214  2.742
 3.50  4  -0.662  0.005  -0.111  0.259  0.280  -16.431
 3.45  4  -0.669  0.002  0.185  0.037  0.099  -3.818
 3.40  4  -0.686  0.005  -0.407  0.259  0.093  -9.757
 3.35  4  -0.699  0.003  0.037  -0.111  -0.110  -16.857
 3.30  4  -0.717  0.001  -0.185  0.111  0.049  3.634
 3.25  4  -0.731  0.002  0.111  0.111  0.099  3.488
 3.20  4  -0.745  0.003  0.037  -0.185  -0.165  -3.089
 3.15  4  -0.763  0.005  0.481  0.259  0.027  -2.789
 3.10  4  -0.777  0.004  -0.333  -0.333  -0.346  -23.322
 3.05  4  -0.797  0.005  -0.259  0.185  0.252  -2.842
 3.00  4  -0.816  0.004  -0.333  0.037  -0.049  -16.558
 2.95  4  -0.837  0.021  -0.259  0.185  0.252  -16.401
 2.90  4  -0.861  0.022  0.259  0.037  0.027  -8.736
 2.85  4  -0.886  0.003  -0.778  0.111  0.198  -23.674
 2.80  4  -0.908  0.008  0.556  0.481  0.132  -16.043
 2.75  4  -0.930  0.026  -0.111  0.037  0.016  -16.308
 2.70  4  -0.962  0.061  -0.481  0.259  0.099  -23.736
 2.65  4  -0.994  0.002  0.407  -0.407  0.000  -16.005
 2.60  4  -1.029  0.033  -0.259  0.111  0.005  -16.155
 2.55  4  -1.057  0.018  0.333  0.185  0.099  -15.818
 2.50  4  -1.124  0.057  0.111  0.407  0.379  -7.631
 2.45  4  -1.158  0.063  0.481  0.630  0.433  -22.980
 2.40  4  -1.202  0.336  -0.556  0.407  0.016  -15.620
 2.35  4  -1.282  0.164  -0.778  0.630  -0.033  -14.597
 2.30  4  -1.389  0.079  0.333  0.037  -0.000  3.004
 2.25  4  -1.470  0.395  -0.852  0.778  -0.011  -21.512
 2.20  4  -1.579  0.825  0.778  0.630  -0.033  -21.110
 2.15  4  -1.614  0.840  0.704  0.630  -0.022  -21.526
 2.10  4  -1.658  0.861  0.778  0.704  -0.016  -30.351
 2.05  4  -1.707  0.893  0.778  0.630  -0.033  -21.625
 2.00  4  -1.746  0.911  1.000  1.000  0.000  -41.095
 1.95  4  -1.782  0.927  1.000  1.000  0.000  -42.309
 1.90  4  -1.810  0.939  0.852  0.630  -0.033  -33.669
 1.85  4  -1.838  0.950  1.000  0.926  0.000  -45.152
 1.80  4  -1.856  0.955  0.926  0.852  -0.005  -36.659
 1.75  4  -1.875  0.962  0.852  0.852  0.000  -38.652
 1.70  4  -1.899  0.971  1.000  1.000  0.000  -52.098
 1.65  4  -1.914  0.975  1.000  0.852  0.000  -54.978
 1.60  4  -1.927  0.979  1.000  1.000  0.000  -58.569
 1.55  4  -1.940  0.983  1.000  1.000  0.000  -63.019
 1.50  4  -1.951  0.986  1.000  1.000  0.000  -68.048
 1.45  4  -1.961  0.989  1.000  1.000  0.000  -74.316
 1.40  4  -1.968  0.991  1.000  1.000  0.000  -82.247
 1.35  4  -1.975  0.993  1.000  1.000  0.000  -92.422
 1.30  4  -1.980  0.995  1.000  1.000  0.000  -105.918
 1.25  4  -1.985  0.996  0.926  0.926  0.000  -102.976
 1.20  4  -1.989  0.997  1.000  1.000  0.000  -152.978
 1.15  4  -1.992  0.998  1.000  1.000  0.000  -199.864
 1.10  4  -1.994  0.998  1.000  1.000  0.000  -293.457
 1.05  4  -1.996  0.999  1.000  1.000  0.000  -573.741
 1.00  4  -1.997  0.999  1.000  1.000  0.000  -2865927035599461.500
 0.95  4  -1.998  0.999  1.000  1.000  0.000  545.651
 0.90  4  -1.999  1.000  1.000  1.000  0.000  265.286
 0.85  4  -1.999  1.000  1.000  1.000  0.000  171.601
 0.80  4  -2.000  1.000  1.000  1.000  0.000  124.552
 0.75  4  -2.000  1.000  1.000  1.000  0.000  96.143
 0.70  4  -2.000  1.000  1.000  1.000  0.000  77.039
 0.65  4  -2.000  1.000  1.000  1.000  0.000  63.242
 0.60  4  -2.000  1.000  1.000  1.000  0.000  52.750
 0.55  4  -2.000  1.000  1.000  1.000  0.000  44.448
 0.50  4  -2.000  1.000  1.000  1.000  0.000  37.667
