# i = 0	j = 1
# T(K)   <E>   |<M>|   Szi   SziSzj  Corr(Szi,Szj)
# ---  ------  -----  -----  ------  -------------
 5.00  7  -0.426  0.003  0.333  -0.111  -0.148  -5.172
 4.95  7  -0.432  0.001  0.333  0.111  0.148  -5.256
 4.90  7  -0.436  0.000  0.111  -0.185  -0.198  12.041
 4.85  7  -0.446  0.007  0.111  0.185  0.181  -5.058
 4.80  7  -0.451  0.002  -0.037  0.111  0.104  -5.066
 4.75  7  -0.454  0.003  -0.111  0.111  0.033  0.626
 4.70  7  -0.457  0.002  0.111  0.185  0.165  -4.997
 4.65  7  -0.468  0.003  0.111  0.333  0.362  -5.012
 4.60  7  -0.472  0.006  -0.185  0.185  0.247  -10.603
 4.55  7  -0.482  0.000  0.259  0.111  0.044  -4.779
 4.50  7  -0.482  0.003  -0.259  0.111  0.082  -5.109
 4.45  7  -0.487  0.007  -0.111  0.037  0.049  -4.716
 4.40  7  -0.495  0.004  0.037  -0.333  -0.313  -10.727
 4.35  7  -0.506  0.002  0.185  0.185  0.192  1.340
 4.30  7  -0.511  0.001  0.259  -0.259  -0.154  1.299
 4.25  7  -0.518  0.008  0.333  0.185  0.198  -4.690
 4.20  7  -0.522  0.001  -0.259  -0.185  -0.176  -22.324
 4.15  7  -0.534  0.004  -0.111  0.111  0.132  -4.477
 4.10  7  -0.540  0.002  0.259  0.111  0.159  -22.781
 4.05  7  -0.551  0.007  -0.111  0.111  0.181  -4.467
 4.00  7  -0.556  0.004  0.407  -0.037  -0.082  -10.492
 3.95  7  -0.566  0.007  -0.259  0.111  0.121  -10.492
 3.90  7  -0.575  0.004  0.333  0.037  0.049  1.979
 3.85  7  -0.586  0.008  0.333  -0.185  0.000  -22.661
 3.80  7  -0.594  0.002  0.481  0.111  -0.049  -16.441
 3.75  7  -0.604  0.005  0.333  -0.111  -0.198  -22.940
 3.70  7  -0.616  0.008  0.185  -0.185  -0.274  -10.346
 3.65  7  -0.623  0.004  -0.407  0.111  0.126  -16.446
 3.60  7  -0.637  0.013  0.185  0.185  0.165  -16.795
 3.55  7  -0.649  0.001  -0.259  0.259  0.346  -10.022
 3.50  7  -0.665  0.006  -0.111  0.185  0.214  -16.647
 3.45  7  -0.671  0.000  -0.111  0.037  0.049  2.888
 3.40  7  -0.687  0.003  0.185  0.185  0.247  -16.384
 3.35  7  -0.697  0.008  0.111  0.037  -0.016  -3.570
 3.30  7  -0.715  0.003  0.037  -0.185  -0.187  10.195
 3.25  7  -0.729  0.001  0.037  0.185  0.203  -10.034
 3.20  7  -0.746  0.004  0.185  0.037  0.044  -16.574
 3.15  7  -0.762  0.012  0.185  -0.185  -0.165  -9.823
 3.10  7  -0.778  0.006  -0.407  -0.037  0.038  -9.711
 3.05  7  -0.801  0.019  0.259  0.185  0.214  -2.436
 3.00  7  -0.821  0.013  -0.259  -0.111  -0.044  -9.492
 2.95  7  -0.839  0.042  -0.037  0.037  0.016  -16.417
 2.90  7  -0.858  0.025  0.185  -0.185  -0.110  5.176
 2.85  7  -0.884  0.052  -0.111  -0.333  -0.296  -8.940
 2.80  7  -0.912  0.028  0.333  -0.333  -0.247  -9.074
 2.75  7  -0.931  0.001  -0.111  -0.333  -0.346  -16.336
 2.70  7  -0.965  0.051  0.259  -0.333  -0.285  -8.826
 2.65  7  -0.998  0.035  0.333  -0.185  -0.296  -15.541
 2.60  7  -1.024  0.021  -0.037  -0.185  -0.209  -0.911
 2.55  7  -1.067  0.080  -0.259  0.259  0.000  -15.704
 2.50  7  -1.113  0.077  0.111  0.259  0.280  -15.661
 2.45  7  -1.196  0.345  0.037  -0.259  -0.280  0.636
 2.40  7  -1.219  0.194  -0.407  0.111  -0.115  -23.318
 2.35  7  -1.294  0.251  0.778  0.259  -0.000  -22.788
 2.30  7  -1.299  0.208  -0.852  0.630  -0.033  -23.781
 2.25  7  -1.460  0.671  -1.000  1.000  0.000  -38.866
 2.20  7  -1.554  0.802  -0.926  0.926  0.000  -29.589
 2.15  7  -1.625  0.850  -0.407  0.481  0.104  -3.633
 2.10  7  -1.662  0.871  -0.852  0.556  -0.044  -21.364
 2.05  7  -1.720  0.901  -0.778  0.704  -0.016  -30.780
 2.00  7  -1.745  0.913  -0.926  0.852  -0.005  -31.777
 1.95  7  -1.774  0.923  -0.852  0.778  -0.011  -23.454
 1.90  7  -1.812  0.940  -1.000  0.852  0.000  -43.633
 1.85  7  -1.833  0.947  -1.000  0.926  0.000  -45.266
 1.80  7  -1.858  0.957  -1.000  1.000  0.000  -47.366
 1.75  7  -1.882  0.964  -1.000  1.000  0.000  -49.376
 1.70  7  -1.898  0.970  -1.000  0.926  0.000  -51.988
 1.65  7  -1.918  0.977  -0.926  0.926  0.000  -43.225
 1.60  7  -1.926  0.979  -1.000  1.000  0.000  -58.657
 1.55  7  -1.940  0.983  -1.000  1.000  0.000  -62.941
 1.50  7  -1.951  0.986  -1.000  1.000  0.000  -68.140
 1.45  7  -1.961  0.989  -0.926  0.926  0.000  -59.877
 1.40  7  -1.966  0.991  -0.926  0.926  0.000  -66.619
 1.35  7  -1.975  0.993  -1.000  1.000  0.000  -92.396
 1.30  7  -1.980  0.995  -1.000  1.000  0.000  -105.882
 1.25  7  -1.985  0.996  -1.000  1.000  0.000  -124.752
 1.20  7  -1.988  0.997  -1.000  1.000  0.000  -153.000
 1.15  7  -1.991  0.998  -1.000  1.000  0.000  -199.848
 1.10  7  -1.994  0.999  -1.000  1.000  0.000  -293.455
 1.05  7  -1.996  0.999  -1.000  1.000  0.000  -573.755
 1.00  7  -1.997  0.999  -1.000  1.000  0.000  -2865927035599461.500
 0.95  7  -1.998  1.000  -1.000  1.000  0.000  545.653
 0.90  7  -1.999  1.000  -1.000  1.000  0.000  265.290
 0.85  7  -1.999  1.000  -1.000  1.000  0.000  171.609
 0.80  7  -2.000  1.000  -1.000  1.000  0.000  124.556
 0.75  7  -2.000  1.000  -1.000  1.000  0.000  96.135
 0.70  7  -2.000  1.000  -1.000  1.000  0.000  77.039
 0.65  7  -2.000  1.000  -1.000  1.000  0.000  63.242
 0.60  7  -2.000  1.000  -1.000  1.000  0.000  52.750
 0.55  7  -2.000  1.000  -1.000  1.000  0.000  44.448
 0.50  7  -2.000  1.000  -1.000  1.000  0.000  37.667
