# i = 19	j = 20
# T(K)   <E>   |<M>|   Szi   SziSzj  Corr(Szi,Szj)
# ---  ------  -----  -----  ------  -------------
 5.00  -0.428  0.001  0.004  0.001  0.214  0.001  0.030  0.043  0.004
 4.99  -0.429  0.001  -0.006  0.009  0.215  0.000  -0.043  -0.043  0.108
 4.98  -0.430  0.002  0.006  0.009  0.214  0.002  0.043  -0.031  -0.013
 4.97  -0.431  0.002  0.004  0.004  0.212  0.001  0.031  -0.030  0.004
 4.96  -0.433  0.001  0.014  0.007  0.216  0.001  0.104  0.093  -0.100
 4.95  -0.435  0.006  0.006  0.007  0.218  0.001  0.042  -0.068  -0.013
 4.94  -0.432  0.002  -0.004  0.012  0.214  0.000  -0.031  -0.104  0.092
 4.93  -0.436  0.005  0.007  0.011  0.214  0.002  0.055  0.018  -0.030
 4.92  -0.436  0.001  0.002  0.006  0.218  0.001  0.019  0.019  0.023
 4.91  -0.438  0.000  -0.001  0.007  0.219  0.001  -0.006  0.006  0.057
 4.90  -0.438  0.002  -0.004  0.009  0.221  0.002  -0.031  -0.006  0.094
 4.89  -0.437  0.003  -0.002  0.006  0.219  0.002  -0.019  0.006  0.077
 4.88  -0.441  0.000  0.004  0.011  0.221  0.001  0.031  0.171  0.005
 4.87  -0.444  0.003  -0.004  0.004  0.223  0.001  -0.032  0.057  0.095
 4.86  -0.443  0.002  -0.001  0.012  0.218  0.001  -0.006  -0.006  0.058
 4.85  -0.443  0.001  -0.002  0.002  0.218  0.001  -0.019  0.031  0.076
 4.84  -0.444  0.001  -0.002  -0.001  0.226  0.001  -0.019  0.006  0.077
 4.83  -0.446  0.001  -0.004  0.009  0.223  0.001  -0.032  -0.057  0.095
 4.82  -0.448  0.000  -0.001  0.001  0.228  0.000  -0.006  0.033  0.060
 4.81  -0.447  0.002  -0.017  0.011  0.224  0.001  -0.135  -0.045  0.242
 4.80  -0.447  0.004  -0.001  0.006  0.230  0.002  -0.007  0.046  0.066
 4.79  -0.449  0.003  0.002  0.006  0.221  0.001  0.019  -0.032  0.024
 4.78  -0.453  0.002  -0.006  0.009  0.227  0.001  -0.045  -0.019  0.116
 4.77  -0.451  0.003  0.001  -0.001  0.226  0.002  0.006  -0.071  0.043
 4.76  -0.453  0.000  -0.009  0.011  0.234  0.002  -0.070  -0.060  0.153
 4.75  -0.455  0.004  0.004  0.009  0.233  0.001  0.033  -0.073  0.008
 4.74  -0.453  0.001  -0.004  0.001  0.219  0.002  -0.033  -0.069  0.098
 4.73  -0.456  0.000  0.001  0.001  0.231  0.002  0.007  0.046  0.046
 4.72  -0.459  0.004  0.001  0.001  0.226  0.003  0.007  0.019  0.045
 4.71  -0.461  0.000  -0.006  0.014  0.234  0.002  -0.045  -0.033  0.120
 4.70  -0.460  0.001  -0.001  0.011  0.228  -0.000  -0.007  -0.020  0.063
 4.69  -0.460  0.000  0.001  0.002  0.227  0.001  0.007  0.006  0.044
 4.68  -0.463  0.001  0.009  -0.001  0.232  0.001  0.073  0.073  -0.048
 4.67  -0.463  0.000  0.004  0.001  0.227  0.001  0.032  -0.058  0.007
 4.66  -0.464  0.001  0.011  0.004  0.233  0.002  0.088  -0.033  -0.067
 4.65  -0.465  0.001  0.009  0.011  0.230  0.002  0.074  0.059  -0.049
 4.64  -0.468  0.004  0.001  0.007  0.237  0.001  0.007  0.047  0.047
 4.63  -0.469  0.001  -0.004  0.002  0.231  0.001  -0.035  0.046  0.106
 4.62  -0.470  0.003  -0.004  -0.001  0.232  0.002  -0.033  -0.033  0.104
 4.61  -0.472  0.000  0.006  0.015  0.232  0.002  0.047  0.046  -0.010
 4.60  -0.471  0.002  -0.001  0.012  0.238  0.002  -0.007  -0.034  0.069
 4.59  -0.473  0.004  0.017  0.006  0.230  0.003  0.141  0.007  -0.143
 4.58  -0.474  0.001  -0.002  0.009  0.237  0.002  -0.020  -0.047  0.086
 4.57  -0.476  0.001  -0.002  0.014  0.230  0.002  -0.021  0.020  0.087
 4.56  -0.475  0.001  0.001  0.006  0.241  0.002  0.007  -0.048  0.049
 4.55  -0.477  0.002  -0.004  0.009  0.239  0.001  -0.034  -0.034  0.106
 4.54  -0.478  0.003  -0.004  0.009  0.243  0.002  -0.034  -0.035  0.109
 4.53  -0.482  0.002  0.012  0.004  0.234  0.001  0.103  0.007  -0.089
 4.52  -0.481  0.000  0.004  0.009  0.237  0.002  0.034  -0.020  0.010
 4.51  -0.484  0.002  0.006  0.002  0.242  0.001  0.048  0.104  -0.009
 4.50  -0.484  0.001  -0.007  0.004  0.240  0.001  -0.062  0.116  0.147
 4.49  -0.485  0.000  0.002  0.009  0.242  0.001  0.021  -0.007  0.031
 4.48  -0.485  0.004  -0.002  0.009  0.241  0.002  -0.021  0.089  0.092
 4.47  -0.488  0.004  -0.004  0.014  0.241  0.002  -0.035  0.007  0.110
 4.46  -0.490  0.001  -0.002  0.014  0.240  0.001  -0.021  0.021  0.090
 4.45  -0.489  0.004  0.004  0.001  0.246  0.001  0.035  -0.007  0.012
 4.44  -0.491  0.002  0.001  0.006  0.243  0.002  0.007  -0.021  0.050
 4.43  -0.493  0.002  0.004  0.011  0.248  0.001  0.036  0.021  0.013
 4.42  -0.494  0.001  -0.006  0.004  0.241  0.001  -0.050  -0.034  0.132
 4.41  -0.494  0.003  0.007  -0.001  0.245  0.002  0.061  -0.049  -0.026
 4.40  -0.496  0.002  0.012  0.002  0.246  0.001  0.104  0.077  -0.086
 4.39  -0.499  0.002  -0.004  0.006  0.252  0.001  -0.037  0.022  0.119
 4.38  -0.497  0.004  0.002  0.004  0.245  0.002  0.021  0.035  0.032
 4.37  -0.503  0.004  0.004  0.009  0.255  0.002  0.036  0.007  0.015
 4.36  -0.501  0.002  -0.004  0.001  0.253  0.003  -0.036  0.007  0.117
 4.35  -0.504  0.001  0.002  0.017  0.257  0.002  0.021  0.095  0.036
 4.34  -0.505  0.000  0.012  0.012  0.252  0.002  0.108  0.079  -0.088
 4.33  -0.507  0.000  -0.004  0.007  0.258  0.002  -0.037  -0.022  0.120
 4.32  -0.508  0.003  0.006  0.004  0.259  0.002  0.052  -0.111  -0.004
 4.31  -0.511  0.001  -0.002  0.009  0.258  0.001  -0.022  0.007  0.098
 4.30  -0.510  0.003  0.007  0.015  0.258  0.002  0.066  0.037  -0.025
 4.29  -0.513  0.003  0.009  0.011  0.256  0.002  0.082  0.037  -0.048
 4.28  -0.514  0.001  0.002  0.006  0.252  0.002  0.022  0.050  0.036
 4.27  -0.514  0.003  -0.001  0.007  0.255  0.001  -0.007  0.007  0.076
 4.26  -0.517  0.003  -0.007  0.009  0.254  0.002  -0.068  -0.036  0.166
 4.25  -0.518  0.004  0.004  0.004  0.258  0.001  0.037  -0.007  0.015
 4.24  -0.518  0.000  -0.001  0.001  0.252  0.001  -0.007  0.007  0.077
 4.23  -0.522  0.010  0.007  0.012  0.264  0.002  0.068  0.098  -0.024
 4.22  -0.524  0.007  -0.007  0.011  0.264  0.001  -0.067  0.008  0.165
 4.21  -0.524  0.001  -0.001  0.012  0.261  0.002  -0.007  0.022  0.080
 4.20  -0.525  0.001  -0.004  0.001  0.268  0.003  -0.037  0.038  0.124
 4.19  -0.527  0.002  -0.002  0.006  0.264  0.003  -0.022  0.038  0.103
 4.18  -0.530  0.000  -0.004  0.006  0.266  0.002  -0.039  -0.008  0.131
 4.17  -0.531  0.001  0.004  0.009  0.268  0.001  0.038  0.069  0.019
 4.16  -0.533  0.004  -0.004  0.011  0.264  0.002  -0.037  0.098  0.124
 4.15  -0.530  0.004  0.002  0.004  0.257  0.001  0.022  -0.051  0.037
 4.14  -0.534  0.000  -0.009  -0.007  0.266  0.001  -0.084  0.099  0.190
 4.13  -0.535  0.003  0.001  0.011  0.269  0.002  0.008  0.023  0.063
 4.12  -0.535  0.003  0.001  0.011  0.266  0.002  0.008  0.084  0.064
 4.11  -0.539  0.003  0.006  0.011  0.269  0.003  0.054  0.130  -0.001
 4.10  -0.540  0.000  0.014  0.010  0.272  0.003  0.135  0.117  -0.112
 4.09  -0.540  0.005  0.002  0.006  0.266  0.002  0.023  -0.068  0.040
 4.08  -0.540  0.005  -0.006  0.002  0.272  0.003  -0.054  0.008  0.154
 4.07  -0.546  0.006  -0.001  0.011  0.262  0.002  -0.008  -0.112  0.083
 4.06  -0.546  0.002  0.007  0.006  0.281  0.003  0.071  0.072  -0.020
 4.05  -0.549  0.003  0.004  0.009  0.273  0.001  0.039  0.070  0.021
 4.04  -0.550  0.002  0.002  0.006  0.278  0.002  0.024  -0.071  0.046
 4.03  -0.553  0.001  0.006  0.012  0.283  0.003  0.055  0.057  0.003
 4.02  -0.555  0.002  -0.007  -0.001  0.284  0.001  -0.072  -0.008  0.182
 4.01  -0.557  0.002  0.001  0.014  0.272  0.003  0.008  -0.070  0.068
 4.00  -0.556  0.002  -0.009  0.006  0.283  0.002  -0.088  0.040  0.206
 3.99  -0.559  0.002  0.004  0.012  0.282  0.002  0.040  0.040  0.024
 3.98  -0.559  0.002  -0.007  0.004  0.274  0.002  -0.073  0.008  0.183
 3.97  -0.562  0.004  0.006  0.014  0.280  0.002  0.057  0.072  0.001
 3.96  -0.566  0.000  0.007  0.004  0.291  0.002  0.072  0.025  -0.018
 3.95  -0.567  0.000  -0.001  0.002  0.287  0.001  -0.008  0.025  0.095
 3.94  -0.566  0.004  -0.001  0.014  0.276  0.001  -0.008  0.008  0.091
 3.93  -0.569  0.002  0.001  0.007  0.285  0.003  0.008  0.024  0.072
 3.92  -0.571  0.003  -0.002  0.012  0.291  0.002  -0.025  -0.058  0.120
 3.91  -0.578  0.002  0.011  -0.002  0.288  0.002  0.106  -0.074  -0.065
 3.90  -0.576  0.001  0.009  0.004  0.284  0.003  0.090  0.105  -0.043
 3.89  -0.576  0.002  -0.006  0.009  0.292  0.001  -0.058  -0.092  0.169
 3.88  -0.580  0.000  0.004  0.006  0.292  0.003  0.041  -0.025  0.029
 3.87  -0.582  0.002  0.007  0.004  0.288  0.002  0.077  -0.008  -0.021
 3.86  -0.585  0.001  -0.004  0.009  0.298  0.001  -0.042  -0.111  0.149
 3.85  -0.584  0.005  -0.011  0.014  0.293  0.002  -0.111  -0.126  0.247
 3.84  -0.588  0.005  -0.006  0.007  0.292  0.001  -0.058  -0.075  0.168
 3.83  -0.587  0.001  0.004  0.004  0.287  0.002  0.041  -0.008  0.026
 3.82  -0.589  0.001  0.004  0.004  0.295  0.002  0.042  0.025  0.029
 3.81  -0.592  0.002  0.002  0.011  0.299  0.003  0.025  0.043  0.055
 3.80  -0.593  0.002  0.011  0.011  0.295  0.001  0.110  0.025  -0.067
 3.79  -0.595  0.000  -0.002  0.002  0.295  0.002  -0.025  -0.025  0.124
 3.78  -0.598  0.003  0.009  0.015  0.291  0.003  0.093  0.125  -0.042
 3.77  -0.601  0.001  -0.002  0.007  0.298  0.003  -0.026  0.026  0.129
 3.76  -0.602  0.004  0.007  0.007  0.306  0.003  0.079  -0.079  -0.014
 3.75  -0.604  0.003  -0.002  0.011  0.306  0.002  -0.026  -0.044  0.132
 3.74  -0.607  0.003  -0.006  0.012  0.305  0.002  -0.060  0.009  0.180
 3.73  -0.608  0.003  -0.007  0.012  0.296  0.003  -0.077  0.059  0.200
 3.72  -0.610  0.002  0.004  -0.001  0.305  0.002  0.043  0.044  0.033
 3.71  -0.614  0.003  -0.004  0.002  0.299  0.002  -0.043  0.094  0.155
 3.70  -0.614  0.002  0.004  0.017  0.308  0.002  0.044  0.026  0.035
 3.69  -0.616  0.002  0.001  0.011  0.308  0.002  0.009  0.062  0.084
 3.68  -0.619  0.007  0.001  0.012  0.308  0.003  0.009  -0.097  0.085
 3.67  -0.620  0.002  -0.001  0.016  0.301  0.002  -0.009  0.060  0.111
 3.66  -0.620  0.003  -0.002  0.017  0.306  0.003  -0.026  -0.009  0.133
 3.65  -0.625  0.006  0.011  0.004  0.321  0.004  0.117  -0.009  -0.061
 3.64  -0.628  0.006  0.001  0.009  0.308  0.002  0.009  0.044  0.088
 3.63  -0.632  0.005  0.009  0.006  0.313  0.002  0.102  0.063  -0.041
 3.62  -0.631  0.001  0.004  0.009  0.311  0.003  0.044  -0.062  0.036
 3.61  -0.631  0.001  0.009  0.006  0.315  0.003  0.098  0.099  -0.037
 3.60  -0.635  0.002  -0.004  0.011  0.319  0.003  -0.046  0.082  0.169
 3.59  -0.637  0.000  0.002  0.012  0.316  0.002  0.027  0.027  0.063
 3.58  -0.642  0.001  0.012  0.009  0.317  0.002  0.138  -0.082  -0.092
 3.57  -0.645  0.000  0.004  0.006  0.319  0.002  0.046  0.119  0.040
 3.56  -0.645  0.006  0.017  0.015  0.319  0.003  0.194  0.155  -0.168
 3.55  -0.644  0.008  0.004  0.004  0.324  0.002  0.046  -0.083  0.042
 3.54  -0.654  0.006  -0.001  0.017  0.327  0.003  -0.010  0.047  0.126
 3.53  -0.652  0.003  -0.014  0.010  0.322  0.002  -0.157  -0.138  0.328
 3.52  -0.655  0.003  -0.001  0.014  0.325  0.003  -0.009  0.009  0.122
 3.51  -0.661  0.002  0.006  0.007  0.333  0.003  0.066  0.010  0.019
 3.50  -0.660  0.003  0.004  0.016  0.331  0.003  0.046  -0.028  0.045
 3.49  -0.663  0.003  0.011  0.011  0.331  0.004  0.121  0.066  -0.060
 3.48  -0.664  0.007  0.006  0.012  0.331  0.002  0.067  -0.047  0.018
 3.47  -0.669  0.004  -0.016  0.020  0.338  0.003  -0.183  -0.164  0.375
 3.46  -0.670  0.004  -0.007  0.006  0.336  0.003  -0.087  0.067  0.239
 3.45  -0.672  0.000  0.004  0.015  0.335  0.003  0.048  0.048  0.047
 3.44  -0.672  0.006  0.001  0.012  0.343  0.003  0.010  0.049  0.106
 3.43  -0.679  0.009  0.001  0.014  0.340  0.002  0.010  -0.010  0.102
 3.42  -0.683  0.006  -0.001  0.012  0.344  0.003  -0.010  -0.088  0.136
 3.41  -0.686  0.002  0.011  -0.004  0.348  0.002  0.124  0.010  -0.057
 3.40  -0.686  0.009  -0.020  0.015  0.346  0.003  -0.246  -0.168  0.471
 3.39  -0.688  0.009  -0.006  0.011  0.340  0.002  -0.069  -0.010  0.216
 3.38  -0.693  0.005  -0.009  0.009  0.347  0.003  -0.108  -0.149  0.276
 3.37  -0.694  0.002  -0.011  0.014  0.346  0.003  -0.125  -0.148  0.295
 3.36  -0.699  0.003  -0.001  0.016  0.345  0.004  -0.010  0.030  0.141
 3.35  -0.698  0.008  -0.009  0.014  0.352  0.002  -0.109  -0.171  0.279
 3.34  -0.703  0.004  0.001  0.009  0.348  0.003  0.010  0.129  0.109
 3.33  -0.704  0.004  -0.002  0.015  0.353  0.003  -0.030  -0.111  0.168
 3.32  -0.707  0.004  0.001  0.016  0.351  0.003  0.010  0.050  0.115
 3.31  -0.711  0.002  -0.016  0.006  0.367  0.003  -0.195  -0.073  0.411
 3.30  -0.714  0.001  -0.001  0.014  0.356  0.002  -0.010  0.092  0.144
 3.29  -0.718  0.003  -0.011  -0.001  0.359  0.003  -0.134  -0.051  0.322
 3.28  -0.722  0.006  -0.002  0.012  0.364  0.004  -0.030  0.052  0.176
 3.27  -0.726  0.004  0.001  0.014  0.363  0.003  0.011  -0.135  0.124
 3.26  -0.727  0.000  0.006  -0.001  0.362  0.003  0.073  -0.134  0.032
 3.25  -0.729  0.006  -0.006  0.009  0.369  0.003  -0.073  -0.074  0.241
 3.24  -0.733  0.002  -0.011  0.012  0.362  0.004  -0.135  -0.052  0.327
 3.23  -0.735  0.009  -0.006  0.019  0.377  0.004  -0.074  0.054  0.248
 3.22  -0.736  0.004  -0.001  0.011  0.362  0.004  -0.010  -0.031  0.151
 3.21  -0.743  0.005  0.007  0.004  0.369  0.004  0.096  -0.053  0.006
 3.20  -0.744  0.002  0.001  0.011  0.375  0.004  0.011  0.075  0.130
 3.19  -0.746  0.001  -0.011  0.009  0.372  0.003  -0.139  -0.011  0.339
 3.18  -0.753  0.009  -0.001  0.016  0.381  0.003  -0.011  0.076  0.163
 3.17  -0.756  0.001  -0.006  0.012  0.371  0.004  -0.075  0.053  0.250
 3.16  -0.756  0.002  0.006  0.014  0.381  0.003  0.076  0.054  0.040
 3.15  -0.759  0.003  -0.002  0.006  0.378  0.004  -0.032  -0.032  0.192
 3.14  -0.765  0.008  0.007  0.007  0.382  0.003  0.098  0.076  0.010
 3.13  -0.772  0.010  0.002  0.012  0.393  0.004  0.033  0.034  0.110
 3.12  -0.771  0.008  0.004  0.014  0.386  0.004  0.055  0.033  0.076
 3.11  -0.774  0.008  0.007  0.003  0.386  0.003  0.100  -0.165  0.012
 3.10  -0.778  0.003  0.001  -0.001  0.383  0.004  0.011  -0.033  0.137
 3.09  -0.782  0.001  0.002  0.014  0.397  0.003  0.034  -0.125  0.113
 3.08  -0.786  0.007  -0.006  0.015  0.392  0.003  -0.078  -0.123  0.265
 3.07  -0.791  0.009  0.011  0.014  0.395  0.003  0.147  0.034  -0.048
 3.06  -0.795  0.016  0.009  0.015  0.395  0.004  0.124  0.034  -0.016
 3.05  -0.796  0.004  0.006  0.015  0.403  0.003  0.079  0.173  0.050
 3.04  -0.801  0.004  -0.017  0.017  0.400  0.005  -0.243  -0.171  0.511
 3.03  -0.806  0.005  0.004  0.012  0.405  0.003  0.058  -0.081  0.085
 3.02  -0.810  0.007  -0.011  0.009  0.393  0.004  -0.149  -0.146  0.371
 3.01  -0.815  0.005  0.002  0.014  0.412  0.003  0.035  0.012  0.121
 3.00  -0.816  0.019  -0.001  0.009  0.403  0.004  -0.012  0.035  0.186
 2.99  -0.821  0.014  0.012  0.024  0.410  0.003  0.179  0.152  -0.079
 2.98  -0.824  0.005  -0.004  0.017  0.413  0.004  -0.059  0.012  0.260
 2.97  -0.836  0.003  -0.012  0.010  0.419  0.003  -0.183  -0.156  0.440
 2.96  -0.829  0.012  -0.007  0.015  0.413  0.003  -0.105  -0.059  0.322
 2.95  -0.840  0.006  -0.001  0.012  0.422  0.004  -0.012  -0.060  0.197
 2.94  -0.843  0.017  0.001  0.014  0.419  0.004  0.012  -0.060  0.161
 2.93  -0.844  0.012  0.002  0.019  0.413  0.004  0.036  -0.106  0.126
 2.92  -0.849  0.017  0.006  0.017  0.430  0.004  0.085  0.111  0.066
 2.91  -0.856  0.011  -0.006  0.014  0.431  0.004  -0.085  -0.209  0.307
 2.90  -0.867  0.004  0.002  0.006  0.437  0.004  0.037  -0.012  0.141
 2.89  -0.861  0.003  0.004  0.016  0.422  0.003  0.062  0.012  0.098
 2.88  -0.872  0.018  -0.009  0.015  0.436  0.004  -0.138  -0.237  0.391
 2.87  -0.868  0.008  0.007  0.012  0.437  0.005  0.111  0.012  0.036
 2.86  -0.879  0.000  -0.014  0.019  0.442  0.004  -0.213  -0.164  0.499
 2.85  -0.883  0.008  0.004  0.017  0.441  0.004  0.063  0.038  0.109
 2.84  -0.886  0.012  -0.004  0.012  0.445  0.003  -0.064  -0.165  0.292
 2.83  -0.890  0.008  -0.002  0.019  0.446  0.004  -0.039  -0.038  0.261
 2.82  -0.900  0.018  0.002  0.011  0.445  0.005  0.039  0.013  0.151
 2.81  -0.908  0.008  0.007  0.007  0.451  0.004  0.115  0.142  0.044
 2.80  -0.905  0.006  0.001  0.009  0.455  0.005  0.013  -0.039  0.193
 2.79  -0.913  0.032  0.006  0.009  0.466  0.005  0.092  0.040  0.089
 2.78  -0.919  0.016  0.001  0.009  0.460  0.005  0.013  -0.039  0.200
 2.77  -0.927  0.027  0.009  0.014  0.473  0.004  0.147  0.176  0.017
 2.76  -0.930  0.037  -0.006  0.014  0.466  0.004  -0.095  0.040  0.360
 2.75  -0.939  0.027  -0.001  0.012  0.477  0.005  -0.014  -0.068  0.253
 2.74  -0.936  0.020  -0.012  0.019  0.457  0.005  -0.195  -0.144  0.489
 2.73  -0.951  0.037  0.002  0.017  0.478  0.005  0.041  0.178  0.176
 2.72  -0.955  0.011  -0.016  0.020  0.478  0.005  -0.261  -0.287  0.605
 2.71  -0.957  0.014  0.016  0.014  0.480  0.005  0.263  0.343  -0.134
 2.70  -0.963  0.012  0.007  0.017  0.482  0.005  0.125  0.041  0.063
 2.69  -0.970  0.002  -0.014  0.022  0.488  0.007  -0.236  -0.293  0.579
 2.68  -0.980  0.019  0.002  0.014  0.482  0.004  0.042  0.014  0.182
 2.67  -0.979  0.012  0.007  0.012  0.491  0.005  0.124  0.294  0.066
 2.66  -0.994  0.012  0.019  0.015  0.498  0.005  0.328  0.214  -0.211
 2.65  -0.993  0.031  -0.007  0.017  0.493  0.006  -0.127  0.014  0.428
 2.64  -1.006  0.055  0.006  0.022  0.505  0.005  0.101  0.043  0.117
 2.63  -1.010  0.077  0.006  0.014  0.513  0.005  0.102  0.132  0.122
 2.62  -1.012  0.001  0.006  0.019  0.502  0.006  0.099  0.100  0.115
 2.61  -1.019  0.036  0.012  0.020  0.520  0.006  0.225  0.134  -0.039
 2.60  -1.027  0.019  -0.017  0.015  0.517  0.006  -0.309  -0.251  0.708
 2.59  -1.034  0.016  0.004  0.009  0.515  0.005  0.074  -0.103  0.167
 2.58  -1.035  0.021  -0.011  0.014  0.521  0.005  -0.195  -0.104  0.554
 2.57  -1.048  0.001  -0.009  0.017  0.520  0.006  -0.161  -0.074  0.499
 2.56  -1.056  0.030  -0.001  0.014  0.521  0.006  -0.015  -0.104  0.301
 2.55  -1.062  0.001  0.001  0.012  0.539  0.006  0.015  0.200  0.274
 2.54  -1.074  0.004  -0.012  0.010  0.538  0.006  -0.235  -0.261  0.632
 2.53  -1.086  0.042  0.007  0.014  0.549  0.007  0.142  0.361  0.109
 2.52  -1.087  0.016  -0.001  0.019  0.537  0.006  -0.015  0.046  0.319
 2.51  -1.090  0.027  -0.002  0.016  0.539  0.006  -0.046  0.015  0.357
 2.50  -1.114  0.103  -0.014  0.019  0.549  0.006  -0.265  -0.329  0.681
 2.49  -1.122  0.097  -0.009  0.014  0.574  0.007  -0.182  -0.082  0.597
 2.48  -1.131  0.042  -0.011  0.009  0.562  0.006  -0.206  -0.016  0.608
 2.47  -1.122  0.055  -0.006  0.007  0.563  0.006  -0.115  -0.080  0.491
 2.46  -1.151  0.071  -0.019  0.018  0.579  0.007  -0.388  -0.513  0.899
 2.45  -1.156  0.201  0.007  0.019  0.565  0.007  0.147  0.081  0.122
 2.44  -1.171  0.004  -0.009  0.015  0.574  0.007  -0.180  -0.246  0.591
 2.43  -1.174  0.070  -0.002  0.025  0.586  0.006  -0.051  -0.050  0.425
 2.42  -1.186  0.217  -0.006  0.020  0.574  0.007  -0.114  -0.148  0.495
 2.41  -1.214  0.303  -0.007  0.024  0.621  0.008  -0.159  -0.266  0.616
 2.40  -1.198  0.193  0.017  0.019  0.594  0.007  0.357  0.221  -0.145
 2.39  -1.237  0.157  0.002  0.004  0.616  0.007  0.054  0.510  0.319
 2.38  -1.257  0.256  0.020  0.015  0.628  0.008  0.451  0.305  -0.233
 2.37  -1.253  0.271  0.012  0.015  0.627  0.008  0.269  0.269  0.021
 2.36  -1.250  0.171  0.017  0.019  0.623  0.007  0.381  0.160  -0.136
 2.35  -1.273  0.121  0.004  0.019  0.627  0.008  0.091  0.233  0.279
 2.34  -1.280  0.354  0.017  0.013  0.626  0.008  0.374  0.554  -0.130
 2.33  -1.338  0.146  0.004  0.024  0.669  0.007  0.097  0.057  0.325
 2.32  -1.322  0.375  -0.006  0.020  0.666  0.007  -0.131  -0.095  0.629
 2.31  -1.314  0.190  0.025  0.020  0.661  0.008  0.581  0.547  -0.381
 2.30  -1.375  0.451  -0.019  0.011  0.694  0.009  -0.455  -0.099  1.133
 2.29  -1.389  0.592  0.029  0.026  0.688  0.008  0.684  0.649  -0.489
 2.28  -1.454  0.715  -0.001  0.014  0.727  0.006  -0.021  0.021  0.566
 2.27  -1.440  0.675  -0.027  0.018  0.727  0.006  -0.682  -0.436  1.497
 2.26  -1.452  0.694  -0.027  0.026  0.711  0.008  -0.679  -0.711  1.480
 2.25  -1.418  0.096  -0.027  0.023  0.729  0.008  -0.690  -0.646  1.517
 2.24  -1.465  0.698  0.022  0.021  0.739  0.007  0.570  0.654  -0.253
 2.23  -1.512  0.768  0.016  0.020  0.758  0.006  0.412  0.541  -0.001
 2.22  -1.525  0.775  0.025  0.020  0.771  0.006  0.683  0.639  -0.366
 2.21  -1.547  0.794  0.029  0.028  0.770  0.007  0.769  0.770  -0.488
 2.20  -1.513  0.710  0.025  0.021  0.778  0.005  0.681  0.600  -0.360
 2.19  -1.554  0.798  0.024  0.020  0.769  0.006  0.643  0.681  -0.307
 2.18  -1.580  0.811  0.025  0.026  0.794  0.005  0.701  0.749  -0.357
 2.17  -1.545  0.694  0.027  0.025  0.754  0.007  0.717  0.711  -0.434
 2.16  -1.603  0.836  0.027  0.026  0.802  0.006  0.760  0.710  -0.423
 2.15  -1.620  0.850  0.025  0.023  0.816  0.004  0.721  0.769  -0.351
 2.14  -1.618  0.835  0.022  0.023  0.807  0.005  0.620  0.576  -0.224
 2.13  -1.627  0.845  0.027  0.026  0.821  0.005  0.768  0.727  -0.412
 2.12  -1.642  0.859  0.022  0.020  0.832  0.004  0.643  0.784  -0.212
 2.11  -1.651  0.859  0.024  0.021  0.830  0.004  0.680  0.783  -0.276
 2.10  -1.663  0.869  0.029  0.028  0.835  0.004  0.835  0.835  -0.481
 2.09  -1.668  0.870  0.025  0.023  0.824  0.004  0.736  0.777  -0.352
 2.08  -1.679  0.878  0.025  0.021  0.843  0.004  0.744  0.747  -0.340
 2.07  -1.688  0.885  0.020  0.023  0.841  0.003  0.603  0.649  -0.139
 2.06  -1.699  0.888  0.027  0.023  0.846  0.005  0.794  0.749  -0.406
 2.05  -1.708  0.893  0.027  0.025  0.852  0.003  0.801  0.804  -0.405
 2.04  -1.711  0.893  0.024  0.021  0.850  0.004  0.711  0.705  -0.272
 2.03  -1.723  0.901  0.025  0.025  0.866  0.003  0.767  0.866  -0.333
 2.02  -1.734  0.906  0.025  0.025  0.872  0.002  0.770  0.872  -0.329
 2.01  -1.740  0.910  0.029  0.028  0.867  0.003  0.871  0.867  -0.474
 2.00  -1.745  0.911  0.017  0.012  0.870  0.003  0.523  0.621  0.021
 1.99  -1.747  0.911  0.020  0.026  0.869  0.003  0.621  0.670  -0.119
 1.98  -1.761  0.919  0.029  0.026  0.880  0.002  0.882  0.830  -0.468
 1.97  -1.767  0.919  0.027  0.028  0.878  0.003  0.830  0.827  -0.398
 1.96  -1.774  0.924  0.022  0.021  0.884  0.003  0.684  0.884  -0.181
 1.95  -1.782  0.927  0.024  0.026  0.890  0.002  0.736  0.788  -0.248
 1.94  -1.786  0.929  0.024  0.025  0.890  0.002  0.740  0.839  -0.250
 1.93  -1.791  0.932  0.022  0.020  0.889  0.003  0.689  0.635  -0.178
 1.92  -1.798  0.934  0.022  0.015  0.901  0.001  0.693  0.592  -0.169
 1.91  -1.808  0.938  0.027  0.021  0.910  0.001  0.858  0.754  -0.384
 1.90  -1.806  0.936  0.029  0.026  0.902  0.002  0.902  0.851  -0.460
 1.89  -1.812  0.939  0.025  0.025  0.904  0.002  0.806  0.801  -0.315
 1.88  -1.822  0.943  0.029  0.026  0.908  0.002  0.908  0.856  -0.458
 1.87  -1.821  0.942  0.029  0.026  0.915  0.002  0.907  0.863  -0.451
 1.86  -1.831  0.947  0.029  0.028  0.920  0.001  0.916  0.920  -0.451
 1.85  -1.835  0.948  0.025  0.025  0.916  0.002  0.813  0.916  -0.307
 1.84  -1.842  0.951  0.025  0.026  0.921  0.001  0.814  0.763  -0.304
 1.83  -1.847  0.953  0.029  0.026  0.920  0.001  0.923  0.868  -0.455
 1.82  -1.852  0.955  0.027  0.025  0.922  0.001  0.867  0.869  -0.377
 1.81  -1.857  0.956  0.025  0.025  0.923  0.001  0.821  0.923  -0.304
 1.80  -1.859  0.957  0.027  0.026  0.933  0.001  0.874  0.933  -0.370
 1.79  -1.864  0.959  0.027  0.021  0.927  0.002  0.874  0.768  -0.375
 1.78  -1.867  0.959  0.029  0.028  0.934  0.001  0.936  0.934  -0.449
 1.77  -1.871  0.961  0.025  0.021  0.939  0.001  0.827  0.832  -0.292
 1.76  -1.874  0.962  0.025  0.026  0.938  0.001  0.830  0.884  -0.294
 1.75  -1.882  0.965  0.029  0.023  0.945  0.001  0.943  0.783  -0.441
 1.74  -1.885  0.966  0.025  0.025  0.942  0.001  0.833  0.942  -0.291
 1.73  -1.889  0.967  0.029  0.025  0.942  0.001  0.946  0.835  -0.445
 1.72  -1.892  0.968  0.025  0.025  0.942  0.001  0.833  0.942  -0.291
 1.71  -1.893  0.968  0.029  0.028  0.950  0.000  0.947  0.950  -0.439
 1.70  -1.895  0.969  0.029  0.028  0.944  0.001  0.943  0.944  -0.442
 1.69  -1.902  0.971  0.027  0.026  0.951  0.001  0.898  0.951  -0.364
 1.68  -1.906  0.973  0.029  0.025  0.955  0.001  0.956  0.846  -0.438
 1.67  -1.908  0.973  0.029  0.028  0.954  0.001  0.953  0.954  -0.438
 1.66  -1.912  0.974  0.029  0.026  0.953  0.001  0.953  0.899  -0.438
 1.65  -1.915  0.975  0.027  0.025  0.958  0.001  0.903  0.903  -0.359
 1.64  -1.915  0.975  0.029  0.026  0.956  0.001  0.957  0.901  -0.438
 1.63  -1.919  0.977  0.029  0.028  0.959  0.000  0.956  0.959  -0.435
 1.62  -1.922  0.978  0.029  0.028  0.962  0.000  0.961  0.962  -0.434
 1.61  -1.925  0.979  0.029  0.028  0.964  0.001  0.963  0.964  -0.433
 1.60  -1.930  0.980  0.029  0.028  0.965  0.000  0.967  0.965  -0.434
 1.59  -1.933  0.981  0.029  0.028  0.966  0.000  0.966  0.966  -0.432
 1.58  -1.934  0.981  0.029  0.028  0.967  0.000  0.967  0.967  -0.432
 1.57  -1.937  0.982  0.027  0.028  0.966  0.001  0.913  0.911  -0.355
 1.56  -1.938  0.983  0.029  0.028  0.967  0.000  0.969  0.967  -0.433
 1.55  -1.940  0.983  0.027  0.026  0.969  0.000  0.918  0.969  -0.354
 1.54  -1.944  0.984  0.027  0.026  0.973  0.000  0.914  0.973  -0.350
 1.53  -1.945  0.985  0.029  0.028  0.968  0.000  0.971  0.968  -0.433
 1.52  -1.947  0.985  0.029  0.028  0.972  0.000  0.971  0.972  -0.429
 1.51  -1.950  0.986  0.027  0.026  0.974  0.000  0.921  0.974  -0.350
 1.50  -1.952  0.987  0.029  0.028  0.976  0.000  0.976  0.976  -0.428
 1.49  -1.953  0.987  0.029  0.028  0.974  0.000  0.978  0.974  -0.430
 1.48  -1.956  0.988  0.029  0.028  0.979  -0.000  0.979  0.979  -0.426
 1.47  -1.957  0.988  0.027  0.026  0.978  0.000  0.923  0.866  -0.347
 1.46  -1.958  0.989  0.029  0.028  0.979  0.000  0.977  0.979  -0.425
 1.45  -1.960  0.989  0.029  0.028  0.979  0.000  0.980  0.979  -0.426
 1.44  -1.962  0.990  0.029  0.028  0.981  0.000  0.982  0.981  -0.425
 1.43  -1.963  0.990  0.029  0.026  0.982  0.000  0.982  0.926  -0.424
 1.42  -1.965  0.990  0.027  0.025  0.983  0.000  0.924  0.927  -0.343
 1.41  -1.967  0.991  0.029  0.028  0.983  0.000  0.984  0.983  -0.424
 1.40  -1.968  0.991  0.029  0.028  0.983  0.000  0.983  0.983  -0.423
 1.39  -1.969  0.992  0.029  0.028  0.985  0.000  0.984  0.985  -0.422
 1.38  -1.971  0.992  0.029  0.028  0.984  0.000  0.984  0.984  -0.423
 1.37  -1.972  0.992  0.029  0.028  0.986  0.000  0.987  0.986  -0.422
 1.36  -1.973  0.993  0.029  0.028  0.987  0.000  0.986  0.987  -0.421
 1.35  -1.974  0.993  0.029  0.028  0.988  0.000  0.987  0.988  -0.421
 1.34  -1.976  0.993  0.029  0.028  0.987  0.000  0.990  0.987  -0.423
 1.33  -1.977  0.994  0.029  0.028  0.986  0.000  0.988  0.986  -0.423
 1.32  -1.978  0.994  0.029  0.028  0.990  0.000  0.991  0.990  -0.421
 1.31  -1.979  0.995  0.029  0.028  0.988  0.000  0.990  0.988  -0.422
 1.30  -1.981  0.995  0.029  0.028  0.990  0.000  0.990  0.990  -0.420
 1.29  -1.981  0.995  0.029  0.028  0.991  0.000  0.991  0.991  -0.420
 1.28  -1.982  0.995  0.029  0.028  0.992  0.000  0.991  0.992  -0.418
 1.27  -1.983  0.996  0.029  0.028  0.992  0.000  0.993  0.992  -0.420
 1.26  -1.984  0.996  0.029  0.028  0.993  0.000  0.992  0.993  -0.418
 1.25  -1.985  0.996  0.029  0.028  0.994  0.000  0.991  0.994  -0.416
 1.24  -1.986  0.996  0.029  0.028  0.993  0.000  0.994  0.993  -0.418
 1.23  -1.987  0.996  0.029  0.028  0.994  0.000  0.992  0.994  -0.417
 1.22  -1.987  0.997  0.029  0.028  0.993  0.000  0.995  0.993  -0.419
 1.21  -1.987  0.997  0.029  0.028  0.993  0.000  0.993  0.993  -0.418
 1.20  -1.989  0.997  0.029  0.028  0.992  0.000  0.992  0.992  -0.419
 1.19  -1.989  0.997  0.029  0.028  0.994  0.000  0.994  0.994  -0.418
 1.18  -1.990  0.997  0.029  0.028  0.996  0.000  0.996  0.996  -0.417
 1.17  -1.991  0.998  0.029  0.028  0.996  0.000  0.995  0.996  -0.416
 1.16  -1.991  0.998  0.029  0.028  0.996  0.000  0.995  0.996  -0.416
 1.15  -1.992  0.998  0.029  0.028  0.995  0.000  0.996  0.995  -0.417
 1.14  -1.993  0.998  0.029  0.028  0.997  0.000  0.996  0.997  -0.416
 1.13  -1.993  0.998  0.029  0.028  0.996  -0.000  0.996  0.996  -0.417
 1.12  -1.993  0.998  0.029  0.028  0.997  0.000  0.996  0.997  -0.416
 1.11  -1.994  0.998  0.029  0.028  0.996  0.000  0.997  0.996  -0.417
 1.10  -1.994  0.999  0.029  0.028  0.997  0.000  0.997  0.997  -0.416
 1.09  -1.994  0.999  0.029  0.028  0.998  -0.000  0.997  0.998  -0.416
 1.08  -1.995  0.999  0.029  0.028  0.997  0.000  0.997  0.997  -0.416
 1.07  -1.995  0.999  0.029  0.028  0.998  0.000  0.997  0.998  -0.415
 1.06  -1.995  0.999  0.029  0.028  0.998  0.000  0.998  0.998  -0.415
 1.05  -1.996  0.999  0.029  0.028  0.998  -0.000  0.997  0.998  -0.415
 1.04  -1.996  0.999  0.029  0.028  0.998  0.000  0.998  0.998  -0.415
 1.03  -1.996  0.999  0.029  0.028  0.997  0.000  0.997  0.997  -0.416
 1.02  -1.997  0.999  0.029  0.028  0.998  0.000  0.998  0.998  -0.416
 1.01  -1.997  0.999  0.029  0.028  0.999  0.000  0.999  0.999  -0.415
 1.00  -1.997  0.999  0.029  0.028  0.999  0.000  0.999  0.999  -0.415
 0.99  -1.998  0.999  0.029  0.028  0.999  0.000  0.999  0.999  -0.415
 0.98  -1.998  0.999  0.029  0.028  0.999  -0.000  0.999  0.999  -0.415
 0.97  -1.998  0.999  0.029  0.028  0.998  0.000  0.999  0.998  -0.415
 0.96  -1.998  1.000  0.029  0.028  0.999  -0.000  0.999  0.999  -0.415
 0.95  -1.998  1.000  0.029  0.028  0.999  0.000  0.999  0.999  -0.415
 0.94  -1.999  1.000  0.029  0.028  0.999  0.000  1.000  0.999  -0.415
 0.93  -1.998  1.000  0.029  0.028  0.999  -0.000  0.999  0.999  -0.415
 0.92  -1.999  1.000  0.029  0.028  0.999  -0.000  1.000  0.999  -0.415
 0.91  -1.999  1.000  0.029  0.028  0.999  0.000  0.999  0.999  -0.414
 0.90  -1.999  1.000  0.029  0.028  0.999  -0.000  0.998  0.999  -0.414
 0.89  -1.999  1.000  0.029  0.028  0.999  -0.000  1.000  0.999  -0.415
 0.88  -1.999  1.000  0.029  0.028  0.999  -0.000  1.000  0.999  -0.415
 0.87  -1.999  1.000  0.029  0.028  1.000  -0.000  1.000  1.000  -0.415
 0.86  -1.999  1.000  0.029  0.028  0.999  -0.000  1.000  0.999  -0.415
 0.85  -1.999  1.000  0.029  0.028  0.999  -0.000  1.000  0.999  -0.415
 0.84  -1.999  1.000  0.029  0.028  1.000  -0.000  0.999  1.000  -0.414
 0.83  -2.000  1.000  0.029  0.028  1.000  -0.000  1.000  1.000  -0.414
 0.82  -1.999  1.000  0.029  0.028  1.000  -0.000  1.000  1.000  -0.414
 0.81  -2.000  1.000  0.029  0.028  1.000  -0.000  1.000  1.000  -0.414
 0.80  -2.000  1.000  0.029  0.028  1.000  0.000  1.000  1.000  -0.414
 0.79  -2.000  1.000  0.029  0.028  1.000  -0.000  1.000  1.000  -0.414
 0.78  -2.000  1.000  0.029  0.028  1.000  -0.000  1.000  1.000  -0.414
 0.77  -2.000  1.000  0.029  0.028  1.000  -0.000  1.000  1.000  -0.414
 0.76  -2.000  1.000  0.029  0.028  1.000  0.000  1.000  1.000  -0.414
 0.75  -2.000  1.000  0.029  0.028  1.000  -0.000  1.000  1.000  -0.414
 0.74  -2.000  1.000  0.029  0.028  1.000  0.000  1.000  1.000  -0.414
 0.73  -2.000  1.000  0.029  0.028  1.000  0.000  1.000  1.000  -0.414
 0.72  -2.000  1.000  0.029  0.028  1.000  -0.000  1.000  1.000  -0.414
 0.71  -2.000  1.000  0.029  0.028  1.000  0.000  1.000  1.000  -0.414
 0.70  -2.000  1.000  0.029  0.028  1.000  -0.000  1.000  1.000  -0.414
 0.69  -2.000  1.000  0.029  0.028  1.000  0.000  1.000  1.000  -0.414
 0.68  -2.000  1.000  0.029  0.028  1.000  0.000  1.000  1.000  -0.414
 0.67  -2.000  1.000  0.029  0.028  1.000  0.000  1.000  1.000  -0.414
 0.66  -2.000  1.000  0.029  0.028  1.000  0.000  1.000  1.000  -0.414
 0.65  -2.000  1.000  0.029  0.028  1.000  0.000  1.000  1.000  -0.414
 0.64  -2.000  1.000  0.029  0.028  1.000  0.000  1.000  1.000  -0.414
 0.63  -2.000  1.000  0.029  0.028  1.000  0.000  1.000  1.000  -0.414
 0.62  -2.000  1.000  0.029  0.028  1.000  0.000  1.000  1.000  -0.414
 0.61  -2.000  1.000  0.029  0.028  1.000  0.000  1.000  1.000  -0.414
 0.60  -2.000  1.000  0.029  0.028  1.000  0.000  1.000  1.000  -0.414
 0.59  -2.000  1.000  0.029  0.028  1.000  0.000  1.000  1.000  -0.414
 0.58  -2.000  1.000  0.029  0.028  1.000  0.000  1.000  1.000  -0.414
 0.57  -2.000  1.000  0.029  0.028  1.000  0.000  1.000  1.000  -0.414
 0.56  -2.000  1.000  0.029  0.028  1.000  0.000  1.000  1.000  -0.414
 0.55  -2.000  1.000  0.029  0.028  1.000  0.000  1.000  1.000  -0.414
 0.54  -2.000  1.000  0.029  0.028  1.000  0.000  1.000  1.000  -0.414
 0.53  -2.000  1.000  0.029  0.028  1.000  0.000  1.000  1.000  -0.414
 0.52  -2.000  1.000  0.029  0.028  1.000  0.000  1.000  1.000  -0.414
 0.51  -2.000  1.000  0.029  0.028  1.000  0.000  1.000  1.000  -0.414
 0.50  -2.000  1.000  0.029  0.028  1.000  0.000  1.000  1.000  -0.414
